Generation,Entry1,Entry2,Entry3,Entry4,Entry5,Entry6,Entry7,Entry8,Entry9,Entry10,Entry11,Entry12,Entry13,Entry14,Entry15,Entry16,Entry17,Entry18,Entry19,Entry20,Entry21,Entry22,Entry23,Entry24,Entry25,Entry26,Entry27,Entry28,Entry29,Entry30,Entry31,Entry32,Entry33,Entry34,Entry35,Entry36,Entry37,Entry38,Entry39,Entry40,Entry41,Entry42,Entry43,Entry44,Entry45,Entry46,Entry47,Entry48,Entry49,Entry50
1,0.809377 (0.729000 + 0.080377),0.838129 (0.757800 + 0.080329),0.846752 (0.765900 + 0.080852),0.827780 (0.747000 + 0.080780),0.837922 (0.757800 + 0.080122),0.854221 (0.773100 + 0.081121),0.831501 (0.751500 + 0.080001),0.832276 (0.750600 + 0.081676),0.847913 (0.767700 + 0.080213),0.814374 (0.734400 + 0.079974),0.843653 (0.764100 + 0.079553),0.824774 (0.744300 + 0.080474),0.839666 (0.759600 + 0.080066),0.830236 (0.751500 + 0.078736),0.843302 (0.762300 + 0.081002),0.845569 (0.764100 + 0.081469),0.851288 (0.770400 + 0.080888),0.815027 (0.735300 + 0.079727),0.823416 (0.743400 + 0.080016),0.830814 (0.750600 + 0.080214),0.834850 (0.755100 + 0.079751),0.845963 (0.765000 + 0.080963),0.838409 (0.756900 + 0.081509),0.836620 (0.756000 + 0.080620),0.828311 (0.747000 + 0.081311),0.855971 (0.776700 + 0.079271),0.823117 (0.744300 + 0.078817),0.825947 (0.746100 + 0.079847),0.826359 (0.745200 + 0.081159),0.833217 (0.753300 + 0.079917),0.835953 (0.755100 + 0.080853),0.840473 (0.761400 + 0.079073),0.825811 (0.746100 + 0.079711),0.835033 (0.753300 + 0.081733),0.842753 (0.760500 + 0.082253),0.831127 (0.750600 + 0.080527),0.842839 (0.760500 + 0.082339),0.843336 (0.762300 + 0.081036),0.831572 (0.751500 + 0.080072),0.822136 (0.740700 + 0.081436),0.848473 (0.768600 + 0.079873),0.844297 (0.763200 + 0.081097),0.846860 (0.766800 + 0.080060),0.826767 (0.743400 + 0.083367),0.842117 (0.762300 + 0.079818),0.828520 (0.747000 + 0.081520),0.819713 (0.739800 + 0.079913),0.822527 (0.742500 + 0.080028),0.845023 (0.765000 + 0.080023),0.807779 (0.726300 + 0.081479)
2,0.809377 (0.729000 + 0.080377),0.838129 (0.757800 + 0.080329),0.846752 (0.765900 + 0.080852),0.827780 (0.747000 + 0.080780),0.837922 (0.757800 + 0.080122),0.854221 (0.773100 + 0.081121),0.831501 (0.751500 + 0.080001),0.832276 (0.750600 + 0.081676),0.847913 (0.767700 + 0.080213),0.814374 (0.734400 + 0.079974),0.843653 (0.764100 + 0.079553),0.824774 (0.744300 + 0.080474),0.839666 (0.759600 + 0.080066),0.830236 (0.751500 + 0.078736),0.843302 (0.762300 + 0.081002),0.845569 (0.764100 + 0.081469),0.851288 (0.770400 + 0.080888),0.815027 (0.735300 + 0.079727),0.823416 (0.743400 + 0.080016),0.830814 (0.750600 + 0.080214),0.834850 (0.755100 + 0.079751),0.845963 (0.765000 + 0.080963),0.838409 (0.756900 + 0.081509),0.836620 (0.756000 + 0.080620),0.828311 (0.747000 + 0.081311),0.855971 (0.776700 + 0.079271),0.823117 (0.744300 + 0.078817),0.825947 (0.746100 + 0.079847),0.826359 (0.745200 + 0.081159),0.833217 (0.753300 + 0.079917),0.835953 (0.755100 + 0.080853),0.840473 (0.761400 + 0.079073),0.825811 (0.746100 + 0.079711),0.835033 (0.753300 + 0.081733),0.842753 (0.760500 + 0.082253),0.831127 (0.750600 + 0.080527),0.842839 (0.760500 + 0.082339),0.843336 (0.762300 + 0.081036),0.831572 (0.751500 + 0.080072),0.822136 (0.740700 + 0.081436),0.848473 (0.768600 + 0.079873),0.844297 (0.763200 + 0.081097),0.846860 (0.766800 + 0.080060),0.826767 (0.743400 + 0.083367),0.842117 (0.762300 + 0.079818),0.828520 (0.747000 + 0.081520),0.819713 (0.739800 + 0.079913),0.822527 (0.742500 + 0.080028),0.845023 (0.765000 + 0.080023),0.807779 (0.726300 + 0.081479)
3,0.855971 (0.776700 + 0.079271),0.849886 (0.769500 + 0.080386),0.833731 (0.755100 + 0.078631),0.834768 (0.754200 + 0.080568),0.840146 (0.757800 + 0.082346),0.826108 (0.746100 + 0.080008),0.841836 (0.760500 + 0.081336),0.840156 (0.758700 + 0.081457),0.858453 (0.777600 + 0.080853),0.844934 (0.764100 + 0.080834),0.832003 (0.751500 + 0.080503),0.834857 (0.755100 + 0.079757),0.825762 (0.745200 + 0.080562),0.836641 (0.756000 + 0.080641),0.835355 (0.754200 + 0.081155),0.829688 (0.748800 + 0.080888),0.836332 (0.756900 + 0.079432),0.841031 (0.760500 + 0.080531),0.831711 (0.752400 + 0.079311),0.843272 (0.762300 + 0.080972),0.844385 (0.765000 + 0.079385),0.846039 (0.764100 + 0.081939),0.834763 (0.755100 + 0.079664),0.839330 (0.758700 + 0.080630),0.846551 (0.765000 + 0.081551),0.858028 (0.776700 + 0.081328),0.836583 (0.756900 + 0.079683),0.845782 (0.765000 + 0.080782),0.849114 (0.770400 + 0.078714),0.828703 (0.748800 + 0.079903),0.843393 (0.763200 + 0.080193),0.842865 (0.762300 + 0.080565),0.838933 (0.758700 + 0.080233),0.848473 (0.768600 + 0.079873),0.830814 (0.750600 + 0.080214),0.834081 (0.754200 + 0.079881),0.830299 (0.749700 + 0.080599),0.853225 (0.773100 + 0.080125),0.837298 (0.757800 + 0.079498),0.850730 (0.772200 + 0.078530),0.849443 (0.769500 + 0.079943),0.820619 (0.739800 + 0.080820),0.853190 (0.770400 + 0.082790),0.843336 (0.762300 + 0.081036),0.843336 (0.762300 + 0.081036),0.838375 (0.756000 + 0.082375),0.815707 (0.734400 + 0.081307),0.848473 (0.768600 + 0.079873),0.843336 (0.762300 + 0.081036),0.849140 (0.767700 + 0.081440)
4,0.858453 (0.777600 + 0.080853),0.835440 (0.756000 + 0.079440),0.849788 (0.768600 + 0.081188),0.839417 (0.758700 + 0.080717),0.841648 (0.760500 + 0.081148),0.848258 (0.768600 + 0.079658),0.843817 (0.764100 + 0.079717),0.847036 (0.765900 + 0.081136),0.856564 (0.774900 + 0.081664),0.852314 (0.771300 + 0.081014),0.856620 (0.775800 + 0.080820),0.838973 (0.757800 + 0.081173),0.844760 (0.763200 + 0.081560),0.841539 (0.761400 + 0.080139),0.850590 (0.769500 + 0.081090),0.858408 (0.780300 + 0.078108),0.841190 (0.761400 + 0.079790),0.846956 (0.765900 + 0.081056),0.847420 (0.765000 + 0.082420),0.852383 (0.770400 + 0.081983),0.838419 (0.756900 + 0.081519),0.820911 (0.740700 + 0.080211),0.842523 (0.763200 + 0.079323),0.858453 (0.777600 + 0.080853),0.853291 (0.772200 + 0.081091),0.850787 (0.772200 + 0.078587),0.837344 (0.756900 + 0.080444),0.850671 (0.771300 + 0.079371),0.832454 (0.753300 + 0.079154),0.851783 (0.772200 + 0.079583),0.837839 (0.757800 + 0.080039),0.844643 (0.763200 + 0.081443),0.839732 (0.758700 + 0.081032),0.834094 (0.755100 + 0.078994),0.837992 (0.756000 + 0.081992),0.847678 (0.765900 + 0.081778),0.848405 (0.767700 + 0.080705),0.845336 (0.765000 + 0.080337),0.822669 (0.743400 + 0.079269),0.837110 (0.756900 + 0.080210),0.853205 (0.773100 + 0.080105),0.854442 (0.773100 + 0.081342),0.838117 (0.758700 + 0.079417),0.834372 (0.755100 + 0.079272),0.852804 (0.772200 + 0.080604),0.852988 (0.772200 + 0.080788),0.831096 (0.749700 + 0.081396),0.833490 (0.752400 + 0.081090),0.843944 (0.764100 + 0.079844),0.841520 (0.759600 + 0.081920)
5,0.858453 (0.777600 + 0.080853),0.836941 (0.756000 + 0.080941),0.844942 (0.764100 + 0.080842),0.850493 (0.769500 + 0.080993),0.845336 (0.765000 + 0.080337),0.842345 (0.761400 + 0.080945),0.845101 (0.764100 + 0.081001),0.859690 (0.779400 + 0.080290),0.844806 (0.765000 + 0.079806),0.844162 (0.765000 + 0.079162),0.864332 (0.784800 + 0.079532),0.835771 (0.756000 + 0.079771),0.840863 (0.760500 + 0.080363),0.853252 (0.773100 + 0.080152),0.846420 (0.765000 + 0.081420),0.839279 (0.757800 + 0.081479),0.847787 (0.768600 + 0.079187),0.835578 (0.756900 + 0.078678),0.849236 (0.768600 + 0.080636),0.853651 (0.773100 + 0.080551),0.844635 (0.764100 + 0.080535),0.850761 (0.768600 + 0.082161),0.846946 (0.765900 + 0.081046),0.842594 (0.763200 + 0.079394),0.856029 (0.777600 + 0.078429),0.848615 (0.769500 + 0.079115),0.852534 (0.773100 + 0.079434),0.841694 (0.761400 + 0.080294),0.828691 (0.748800 + 0.079891),0.852314 (0.771300 + 0.081014),0.845401 (0.764100 + 0.081301),0.849431 (0.769500 + 0.079931),0.834343 (0.753300 + 0.081043),0.855662 (0.775800 + 0.079862),0.854759 (0.773100 + 0.081659),0.852988 (0.772200 + 0.080788),0.843944 (0.764100 + 0.079844),0.857404 (0.775800 + 0.081604),0.847678 (0.765900 + 0.081778),0.856564 (0.774900 + 0.081664),0.856564 (0.774900 + 0.081664),0.852383 (0.770400 + 0.081983),0.848258 (0.768600 + 0.079658),0.839680 (0.758700 + 0.080980),0.865749 (0.784800 + 0.080949),0.856030 (0.774900 + 0.081130),0.851583 (0.771300 + 0.080283),0.844579 (0.763200 + 0.081379),0.843671 (0.762300 + 0.081371),0.843394 (0.762300 + 0.081094)
6,0.865749 (0.784800 + 0.080949),0.856032 (0.775800 + 0.080232),0.846671 (0.766800 + 0.079871),0.854817 (0.773100 + 0.081717),0.841427 (0.761400 + 0.080027),0.846402 (0.765000 + 0.081402),0.862152 (0.782100 + 0.080052),0.859697 (0.779400 + 0.080297),0.852008 (0.770400 + 0.081608),0.850134 (0.770400 + 0.079734),0.856659 (0.775800 + 0.080859),0.865749 (0.784800 + 0.080949),0.854759 (0.773100 + 0.081659),0.858547 (0.779400 + 0.079147),0.845836 (0.765900 + 0.079936),0.855147 (0.774000 + 0.081147),0.855587 (0.774000 + 0.081587),0.844150 (0.763200 + 0.080950),0.859088 (0.778500 + 0.080588),0.837272 (0.756000 + 0.081272),0.863497 (0.783900 + 0.079597),0.851359 (0.771300 + 0.080059),0.854461 (0.774900 + 0.079561),0.857584 (0.777600 + 0.079984),0.856382 (0.775800 + 0.080582),0.856144 (0.775800 + 0.080344),0.843032 (0.761400 + 0.081633),0.842199 (0.762300 + 0.079899),0.844740 (0.764100 + 0.080640),0.832395 (0.752400 + 0.079996),0.839473 (0.760500 + 0.078973),0.850761 (0.768600 + 0.082161),0.848258 (0.768600 + 0.079658),0.857943 (0.775800 + 0.082143),0.857348 (0.775800 + 0.081548),0.847518 (0.766800 + 0.080718),0.853056 (0.771300 + 0.081756),0.841978 (0.761400 + 0.080579),0.858581 (0.776700 + 0.081881),0.858814 (0.777600 + 0.081214),0.853322 (0.772200 + 0.081122),0.846807 (0.767700 + 0.079107),0.849555 (0.767700 + 0.081855),0.854759 (0.773100 + 0.081659),0.844635 (0.764100 + 0.080535),0.849382 (0.769500 + 0.079882),0.846920 (0.765900 + 0.081020),0.856564 (0.774900 + 0.081664),0.853833 (0.771300 + 0.082533),0.850786 (0.770400 + 0.080386)
7,0.865749 (0.784800 + 0.080949),0.853341 (0.774000 + 0.079341),0.848258 (0.768600 + 0.079658),0.865245 (0.784800 + 0.080445),0.849236 (0.769500 + 0.079736),0.848850 (0.767700 + 0.081150),0.842607 (0.760500 + 0.082107),0.854836 (0.773100 + 0.081736),0.853160 (0.773100 + 0.080060),0.851103 (0.768600 + 0.082503),0.858478 (0.776700 + 0.081779),0.859790 (0.780300 + 0.079490),0.850080 (0.769500 + 0.080580),0.852055 (0.770400 + 0.081655),0.855229 (0.774000 + 0.081229),0.844838 (0.762300 + 0.082538),0.844647 (0.763200 + 0.081447),0.847081 (0.765900 + 0.081181),0.856082 (0.774000 + 0.082082),0.857468 (0.775800 + 0.081668),0.845893 (0.765000 + 0.080893),0.841432 (0.759600 + 0.081832),0.842431 (0.760500 + 0.081931),0.844535 (0.763200 + 0.081335),0.855165 (0.774000 + 0.081165),0.850327 (0.769500 + 0.080827),0.842050 (0.759600 + 0.082450),0.856032 (0.775800 + 0.080232),0.853056 (0.771300 + 0.081756),0.863204 (0.783000 + 0.080204),0.851563 (0.769500 + 0.082063),0.855096 (0.774900 + 0.080196),0.865554 (0.785700 + 0.079854),0.848732 (0.769500 + 0.079232),0.860927 (0.780300 + 0.080627),0.858581 (0.776700 + 0.081881),0.854759 (0.773100 + 0.081659),0.842217 (0.761400 + 0.080817),0.854986 (0.774900 + 0.080086),0.851958 (0.770400 + 0.081558),0.848258 (0.768600 + 0.079658),0.851127 (0.771300 + 0.079827),0.850192 (0.770400 + 0.079792),0.861159 (0.779400 + 0.081759),0.847724 (0.766800 + 0.080924),0.842046 (0.761400 + 0.080647),0.850549 (0.770400 + 0.080149),0.851089 (0.769500 + 0.081589),0.857587 (0.775800 + 0.081787),0.854299 (0.774000 + 0.080299)
8,0.865749 (0.784800 + 0.080949),0.856853 (0.775800 + 0.081054),0.862712 (0.783000 + 0.079712),0.855177 (0.773100 + 0.082077),0.847601 (0.766800 + 0.080801),0.850405 (0.769500 + 0.080905),0.840771 (0.761400 + 0.079371),0.847439 (0.765900 + 0.081539),0.852937 (0.772200 + 0.080737),0.865749 (0.784800 + 0.080949),0.855165 (0.774000 + 0.081165),0.860927 (0.780300 + 0.080627),0.854759 (0.773100 + 0.081659),0.862167 (0.781200 + 0.080967),0.855950 (0.774900 + 0.081050),0.856082 (0.774000 + 0.082082),0.855165 (0.774000 + 0.081165),0.854068 (0.773100 + 0.080968),0.838902 (0.760500 + 0.078402),0.855229 (0.774000 + 0.081229),0.844535 (0.763200 + 0.081335),0.841362 (0.759600 + 0.081762),0.853777 (0.774000 + 0.079777),0.847086 (0.765000 + 0.082086),0.860783 (0.781200 + 0.079583),0.853056 (0.771300 + 0.081756),0.851103 (0.768600 + 0.082503),0.855229 (0.774000 + 0.081229),0.858581 (0.776700 + 0.081881),0.844638 (0.765000 + 0.079638),0.841394 (0.760500 + 0.080894),0.860844 (0.779400 + 0.081444),0.844891 (0.763200 + 0.081691),0.866019 (0.786600 + 0.079419),0.855625 (0.774900 + 0.080725),0.861663 (0.782100 + 0.079563),0.859790 (0.780300 + 0.079490),0.848801 (0.768600 + 0.080201),0.850332 (0.769500 + 0.080832),0.860713 (0.779400 + 0.081314),0.841107 (0.759600 + 0.081507),0.847335 (0.767700 + 0.079635),0.841431 (0.760500 + 0.080931),0.853233 (0.771300 + 0.081933),0.849885 (0.768600 + 0.081285),0.835241 (0.754200 + 0.081041),0.852295 (0.772200 + 0.080095),0.835719 (0.755100 + 0.080619),0.840480 (0.759600 + 0.080880),0.864883 (0.784800 + 0.080083)
9,0.866019 (0.786600 + 0.079419),0.860035 (0.779400 + 0.080635),0.851896 (0.771300 + 0.080596),0.856295 (0.775800 + 0.080495),0.848340 (0.767700 + 0.080640),0.840576 (0.760500 + 0.080076),0.846140 (0.764100 + 0.082040),0.843610 (0.763200 + 0.080410),0.856024 (0.774000 + 0.082024),0.852404 (0.770400 + 0.082004),0.858585 (0.777600 + 0.080985),0.854226 (0.774900 + 0.079326),0.861486 (0.780300 + 0.081186),0.858473 (0.777600 + 0.080873),0.854237 (0.774000 + 0.080237),0.865041 (0.783900 + 0.081141),0.866847 (0.785700 + 0.081147),0.861763 (0.782100 + 0.079662),0.854693 (0.774000 + 0.080693),0.846157 (0.765000 + 0.081157),0.854470 (0.773100 + 0.081370),0.857467 (0.775800 + 0.081667),0.847183 (0.765900 + 0.081283),0.845079 (0.764100 + 0.080979),0.847409 (0.765900 + 0.081509),0.835619 (0.756900 + 0.078719),0.855509 (0.774000 + 0.081509),0.858379 (0.776700 + 0.081679),0.853774 (0.772200 + 0.081574),0.860844 (0.779400 + 0.081444),0.841394 (0.760500 + 0.080894),0.864829 (0.783900 + 0.080929),0.858950 (0.777600 + 0.081350),0.849254 (0.769500 + 0.079754),0.852292 (0.772200 + 0.080092),0.863933 (0.784800 + 0.079133),0.846997 (0.766800 + 0.080197),0.852021 (0.772200 + 0.079821),0.863922 (0.783000 + 0.080922),0.844729 (0.764100 + 0.080629),0.844586 (0.765000 + 0.079586),0.839530 (0.757800 + 0.081730),0.869841 (0.788400 + 0.081441),0.845945 (0.765000 + 0.080945),0.864073 (0.783900 + 0.080173),0.856853 (0.775800 + 0.081054),0.841107 (0.759600 + 0.081507),0.846937 (0.765900 + 0.081037),0.850627 (0.769500 + 0.081127),0.852825 (0.772200 + 0.080625)
10,0.869841 (0.788400 + 0.081441),0.862262 (0.782100 + 0.080162),0.864408 (0.783900 + 0.080508),0.842885 (0.764100 + 0.078785),0.858198 (0.777600 + 0.080598),0.860472 (0.780300 + 0.080172),0.850877 (0.770400 + 0.080477),0.859992 (0.779400 + 0.080592),0.843977 (0.763200 + 0.080777),0.841740 (0.760500 + 0.081240),0.851720 (0.771300 + 0.080420),0.857906 (0.777600 + 0.080306),0.846625 (0.766800 + 0.079825),0.839667 (0.757800 + 0.081867),0.853285 (0.773100 + 0.080185),0.858379 (0.776700 + 0.081679),0.866585 (0.784800 + 0.081785),0.864355 (0.784800 + 0.079555),0.863850 (0.783000 + 0.080850),0.858956 (0.777600 + 0.081356),0.863922 (0.783000 + 0.080922),0.843424 (0.763200 + 0.080224),0.844768 (0.764100 + 0.080668),0.841399 (0.760500 + 0.080899),0.873268 (0.793800 + 0.079468),0.866019 (0.786600 + 0.079419),0.866019 (0.786600 + 0.079419),0.853271 (0.773100 + 0.080171),0.860962 (0.779400 + 0.081562),0.848023 (0.766800 + 0.081223),0.862625 (0.781200 + 0.081425),0.854310 (0.774000 + 0.080310),0.854205 (0.774000 + 0.080205),0.850394 (0.769500 + 0.080894),0.854373 (0.772200 + 0.082173),0.852953 (0.774000 + 0.078953),0.860929 (0.779400 + 0.081529),0.847556 (0.766800 + 0.080756),0.849807 (0.768600 + 0.081207),0.867705 (0.786600 + 0.081105),0.852961 (0.774000 + 0.078961),0.850627 (0.769500 + 0.081127),0.852021 (0.772200 + 0.079821),0.862308 (0.781200 + 0.081108),0.852292 (0.772200 + 0.080092),0.844133 (0.763200 + 0.080933),0.879872 (0.798300 + 0.081572),0.844773 (0.765000 + 0.079773),0.845757 (0.765000 + 0.080757),0.864344 (0.783000 + 0.081344)
11,0.879872 (0.798300 + 0.081572),0.868188 (0.787500 + 0.080688),0.849914 (0.769500 + 0.080414),0.862780 (0.782100 + 0.080680),0.854140 (0.774000 + 0.080140),0.868012 (0.786600 + 0.081412),0.852216 (0.771300 + 0.080916),0.862515 (0.781200 + 0.081315),0.865604 (0.784800 + 0.080804),0.852884 (0.772200 + 0.080684),0.852286 (0.771300 + 0.080986),0.850323 (0.770400 + 0.079924),0.850807 (0.771300 + 0.079507),0.872072 (0.791100 + 0.080972),0.858007 (0.776700 + 0.081307),0.847568 (0.766800 + 0.080768),0.855546 (0.775800 + 0.079746),0.849048 (0.767700 + 0.081348),0.838771 (0.758700 + 0.080071),0.854889 (0.774000 + 0.080889),0.863115 (0.783000 + 0.080115),0.843261 (0.762300 + 0.080961),0.849737 (0.767700 + 0.082037),0.869841 (0.788400 + 0.081441),0.869841 (0.788400 + 0.081441),0.843503 (0.763200 + 0.080303),0.873407 (0.792900 + 0.080507),0.852339 (0.772200 + 0.080139),0.851527 (0.771300 + 0.080227),0.850324 (0.769500 + 0.080824),0.862421 (0.782100 + 0.080321),0.869279 (0.789300 + 0.079979),0.859136 (0.776700 + 0.082436),0.865219 (0.784800 + 0.080419),0.862000 (0.781200 + 0.080800),0.857779 (0.778500 + 0.079279),0.856391 (0.774900 + 0.081491),0.852987 (0.772200 + 0.080787),0.856748 (0.775800 + 0.080948),0.852098 (0.771300 + 0.080798),0.849084 (0.769500 + 0.079584),0.867851 (0.788400 + 0.079451),0.846903 (0.766800 + 0.080103),0.868423 (0.788400 + 0.080023),0.835621 (0.756000 + 0.079621),0.866019 (0.786600 + 0.079419),0.849695 (0.770400 + 0.079295),0.853207 (0.773100 + 0.080107),0.850950 (0.770400 + 0.080550),0.845360 (0.765000 + 0.080360)
12,0.879872 (0.798300 + 0.081572),0.855027 (0.774900 + 0.080127),0.865130 (0.785700 + 0.079430),0.854975 (0.774900 + 0.080075),0.847924 (0.767700 + 0.080224),0.870063 (0.788400 + 0.081664),0.876952 (0.795600 + 0.081352),0.868776 (0.787500 + 0.081276),0.855357 (0.775800 + 0.079557),0.847631 (0.768600 + 0.079031),0.859484 (0.778500 + 0.080985),0.855762 (0.774900 + 0.080862),0.850939 (0.770400 + 0.080539),0.841024 (0.761400 + 0.079624),0.865573 (0.784800 + 0.080773),0.868012 (0.786600 + 0.081412),0.867851 (0.788400 + 0.079451),0.857880 (0.778500 + 0.079380),0.851816 (0.771300 + 0.080517),0.861703 (0.780300 + 0.081403),0.873407 (0.792900 + 0.080507),0.847042 (0.766800 + 0.080242),0.850939 (0.769500 + 0.081439),0.843305 (0.762300 + 0.081005),0.852403 (0.771300 + 0.081103),0.867870 (0.787500 + 0.080370),0.842791 (0.764100 + 0.078691),0.857684 (0.776700 + 0.080984),0.846474 (0.765900 + 0.080574),0.853306 (0.772200 + 0.081106),0.851056 (0.770400 + 0.080656),0.845354 (0.765000 + 0.080354),0.870631 (0.789300 + 0.081331),0.838897 (0.757800 + 0.081097),0.857820 (0.778500 + 0.079320),0.849949 (0.770400 + 0.079549),0.855669 (0.775800 + 0.079869),0.854488 (0.774000 + 0.080488),0.855284 (0.774000 + 0.081284),0.853847 (0.774000 + 0.079847),0.854793 (0.774000 + 0.080793),0.860340 (0.781200 + 0.079140),0.857249 (0.776700 + 0.080549),0.869948 (0.790200 + 0.079748),0.872782 (0.792000 + 0.080782),0.852010 (0.770400 + 0.081610),0.865637 (0.783900 + 0.081737),0.831154 (0.752400 + 0.078754),0.858773 (0.777600 + 0.081173),0.852791 (0.773100 + 0.079691)
13,0.879872 (0.798300 + 0.081572),0.857207 (0.776700 + 0.080507),0.862820 (0.781200 + 0.081620),0.871850 (0.791100 + 0.080750),0.869654 (0.787500 + 0.082155),0.870631 (0.789300 + 0.081331),0.873407 (0.792900 + 0.080507),0.847867 (0.766800 + 0.081067),0.867026 (0.785700 + 0.081326),0.855446 (0.774900 + 0.080546),0.853402 (0.772200 + 0.081202),0.852636 (0.771300 + 0.081336),0.853577 (0.774000 + 0.079577),0.838477 (0.759600 + 0.078877),0.858497 (0.778500 + 0.079997),0.872782 (0.792000 + 0.080782),0.846474 (0.765900 + 0.080574),0.849389 (0.768600 + 0.080789),0.865865 (0.785700 + 0.080165),0.854601 (0.774000 + 0.080601),0.855364 (0.774900 + 0.080464),0.860315 (0.778500 + 0.081815),0.859803 (0.779400 + 0.080404),0.856862 (0.776700 + 0.080162),0.838896 (0.759600 + 0.079296),0.860258 (0.779400 + 0.080858),0.863270 (0.783900 + 0.079370),0.869948 (0.790200 + 0.079748),0.867870 (0.787500 + 0.080370),0.846160 (0.765900 + 0.080260),0.857768 (0.777600 + 0.080168),0.850975 (0.769500 + 0.081475),0.869817 (0.790200 + 0.079617),0.837359 (0.757800 + 0.079559),0.863107 (0.783000 + 0.080107),0.854666 (0.774900 + 0.079766),0.873407 (0.792900 + 0.080507),0.855443 (0.774000 + 0.081443),0.863419 (0.782100 + 0.081319),0.849188 (0.769500 + 0.079688),0.863783 (0.783000 + 0.080783),0.852507 (0.773100 + 0.079407),0.861916 (0.781200 + 0.080716),0.867131 (0.786600 + 0.080531),0.860586 (0.781200 + 0.079386),0.847051 (0.766800 + 0.080251),0.855413 (0.774900 + 0.080513),0.855650 (0.775800 + 0.079850),0.870685 (0.790200 + 0.080485),0.865143 (0.784800 + 0.080343)
14,0.879872 (0.798300 + 0.081572),0.852484 (0.772200 + 0.080284),0.866427 (0.785700 + 0.080727),0.849563 (0.767700 + 0.081863),0.862485 (0.781200 + 0.081285),0.872093 (0.792000 + 0.080093),0.854603 (0.773100 + 0.081503),0.869733 (0.790200 + 0.079533),0.858620 (0.779400 + 0.079220),0.850029 (0.770400 + 0.079629),0.865547 (0.783900 + 0.081647),0.868904 (0.789300 + 0.079604),0.867745 (0.787500 + 0.080245),0.869334 (0.789300 + 0.080034),0.860956 (0.780300 + 0.080656),0.859099 (0.778500 + 0.080599),0.848846 (0.766800 + 0.082046),0.850689 (0.769500 + 0.081189),0.859958 (0.778500 + 0.081458),0.856064 (0.775800 + 0.080264),0.864629 (0.783900 + 0.080729),0.859279 (0.777600 + 0.081679),0.865779 (0.784800 + 0.080979),0.869405 (0.790200 + 0.079205),0.844252 (0.764100 + 0.080152),0.867603 (0.787500 + 0.080103),0.862002 (0.781200 + 0.080802),0.865627 (0.785700 + 0.079927),0.849655 (0.769500 + 0.080155),0.879237 (0.798300 + 0.080937),0.864370 (0.784800 + 0.079570),0.857590 (0.777600 + 0.079990),0.864263 (0.783000 + 0.081263),0.879872 (0.798300 + 0.081572),0.861372 (0.780300 + 0.081072),0.862747 (0.782100 + 0.080647),0.860522 (0.780300 + 0.080222),0.872453 (0.792000 + 0.080453),0.866121 (0.785700 + 0.080421),0.852959 (0.773100 + 0.079859),0.873649 (0.792900 + 0.080749),0.859974 (0.779400 + 0.080574),0.858064 (0.776700 + 0.081364),0.853128 (0.773100 + 0.080028),0.862485 (0.781200 + 0.081285),0.852149 (0.772200 + 0.079949),0.858428 (0.777600 + 0.080828),0.860118 (0.779400 + 0.080718),0.865291 (0.784800 + 0.080491),0.863230 (0.782100 + 0.081130)
15,0.879872 (0.798300 + 0.081572),0.853241 (0.773100 + 0.080141),0.845885 (0.764100 + 0.081785),0.861073 (0.780300 + 0.080773),0.863924 (0.783000 + 0.080924),0.858131 (0.777600 + 0.080531),0.874863 (0.794700 + 0.080163),0.845801 (0.765000 + 0.080801),0.858923 (0.778500 + 0.080423),0.879530 (0.799200 + 0.080330),0.854096 (0.773100 + 0.080996),0.867131 (0.786600 + 0.080531),0.852729 (0.771300 + 0.081429),0.855502 (0.773100 + 0.082402),0.863955 (0.783900 + 0.080055),0.853128 (0.773100 + 0.080028),0.851239 (0.772200 + 0.079039),0.864355 (0.784800 + 0.079555),0.853581 (0.773100 + 0.080481),0.861531 (0.781200 + 0.080331),0.869250 (0.789300 + 0.079950),0.859036 (0.778500 + 0.080536),0.861048 (0.779400 + 0.081647),0.867009 (0.785700 + 0.081309),0.862274 (0.782100 + 0.080174),0.873107 (0.792000 + 0.081107),0.857257 (0.776700 + 0.080557),0.849669 (0.769500 + 0.080169),0.855656 (0.775800 + 0.079856),0.879872 (0.798300 + 0.081572),0.879872 (0.798300 + 0.081572),0.857401 (0.777600 + 0.079801),0.859694 (0.779400 + 0.080294),0.873859 (0.792000 + 0.081859),0.862747 (0.782100 + 0.080647),0.868965 (0.788400 + 0.080565),0.857287 (0.775800 + 0.081487),0.865779 (0.784800 + 0.080979),0.865291 (0.784800 + 0.080491),0.867635 (0.786600 + 0.081035),0.860315 (0.779400 + 0.080915),0.855027 (0.774900 + 0.080127),0.865738 (0.785700 + 0.080038),0.850348 (0.769500 + 0.080848),0.854842 (0.774000 + 0.080842),0.867745 (0.787500 + 0.080245),0.867745 (0.787500 + 0.080245),0.848531 (0.768600 + 0.079931),0.861915 (0.781200 + 0.080715),0.849050 (0.768600 + 0.080450)
16,0.879872 (0.798300 + 0.081572),0.853862 (0.774000 + 0.079862),0.852955 (0.772200 + 0.080755),0.843747 (0.763200 + 0.080547),0.863774 (0.783900 + 0.079874),0.876126 (0.794700 + 0.081426),0.854027 (0.773100 + 0.080927),0.844021 (0.764100 + 0.079921),0.859282 (0.778500 + 0.080782),0.864517 (0.783000 + 0.081517),0.869190 (0.789300 + 0.079890),0.861553 (0.780300 + 0.081253),0.845862 (0.765000 + 0.080862),0.879872 (0.798300 + 0.081572),0.859949 (0.778500 + 0.081449),0.861471 (0.781200 + 0.080271),0.857050 (0.776700 + 0.080350),0.860144 (0.779400 + 0.080744),0.865806 (0.784800 + 0.081006),0.867609 (0.786600 + 0.081009),0.873859 (0.792000 + 0.081859),0.853509 (0.772200 + 0.081309),0.864937 (0.783900 + 0.081037),0.867111 (0.784800 + 0.082311),0.857543 (0.776700 + 0.080843),0.861017 (0.781200 + 0.079817),0.864571 (0.783900 + 0.080671),0.867635 (0.786600 + 0.081035),0.861531 (0.781200 + 0.080331),0.858741 (0.777600 + 0.081141),0.857480 (0.776700 + 0.080780),0.861474 (0.782100 + 0.079374),0.858794 (0.777600 + 0.081194),0.849770 (0.770400 + 0.079370),0.860234 (0.778500 + 0.081734),0.858287 (0.777600 + 0.080687),0.846732 (0.766800 + 0.079932),0.874863 (0.794700 + 0.080163),0.860422 (0.779400 + 0.081022),0.852573 (0.771300 + 0.081273),0.856098 (0.775800 + 0.080298),0.864039 (0.783900 + 0.080139),0.847779 (0.766800 + 0.080979),0.866617 (0.786600 + 0.080017),0.868069 (0.787500 + 0.080569),0.847487 (0.765900 + 0.081587),0.863597 (0.783000 + 0.080597),0.868386 (0.788400 + 0.079986),0.862513 (0.783000 + 0.079513),0.860132 (0.779400 + 0.080732)
17,0.879872 (0.798300 + 0.081572),0.857253 (0.776700 + 0.080553),0.856165 (0.775800 + 0.080365),0.851896 (0.771300 + 0.080596),0.872121 (0.792000 + 0.080121),0.878033 (0.797400 + 0.080633),0.859812 (0.778500 + 0.081312),0.867233 (0.787500 + 0.079733),0.865369 (0.784800 + 0.080569),0.869869 (0.788400 + 0.081469),0.847204 (0.766800 + 0.080404),0.868386 (0.788400 + 0.079986),0.859574 (0.779400 + 0.080174),0.858712 (0.778500 + 0.080212),0.856796 (0.775800 + 0.080996),0.872839 (0.791100 + 0.081739),0.867635 (0.786600 + 0.081035),0.856395 (0.775800 + 0.080595),0.857893 (0.777600 + 0.080293),0.863473 (0.782100 + 0.081373),0.867219 (0.785700 + 0.081519),0.863900 (0.783900 + 0.080000),0.862422 (0.782100 + 0.080322),0.865287 (0.783900 + 0.081387),0.849477 (0.769500 + 0.079977),0.854086 (0.773100 + 0.080986),0.863775 (0.782100 + 0.081675),0.866617 (0.786600 + 0.080017),0.868069 (0.787500 + 0.080569),0.870409 (0.790200 + 0.080209),0.863992 (0.783000 + 0.080992),0.857806 (0.777600 + 0.080206),0.878007 (0.796500 + 0.081507),0.861724 (0.782100 + 0.079624),0.871917 (0.792000 + 0.079917),0.862158 (0.781200 + 0.080958),0.853600 (0.773100 + 0.080500),0.841821 (0.761400 + 0.080421),0.858742 (0.778500 + 0.080242),0.867928 (0.786600 + 0.081328),0.854877 (0.773100 + 0.081777),0.848673 (0.767700 + 0.080973),0.859639 (0.780300 + 0.079339),0.874434 (0.792900 + 0.081534),0.859102 (0.778500 + 0.080602),0.861216 (0.781200 + 0.080016),0.846108 (0.765000 + 0.081108),0.866567 (0.786600 + 0.079967),0.863500 (0.783900 + 0.079600),0.867490 (0.785700 + 0.081790)
18,0.879872 (0.798300 + 0.081572),0.867939 (0.786600 + 0.081339),0.856988 (0.776700 + 0.080288),0.869186 (0.788400 + 0.080786),0.858712 (0.778500 + 0.080212),0.858193 (0.776700 + 0.081493),0.867635 (0.786600 + 0.081035),0.862919 (0.783000 + 0.079919),0.859995 (0.779400 + 0.080595),0.874434 (0.792900 + 0.081534),0.863900 (0.783900 + 0.080000),0.865914 (0.783900 + 0.082014),0.858181 (0.779400 + 0.078781),0.858346 (0.776700 + 0.081646),0.858637 (0.777600 + 0.081037),0.853718 (0.773100 + 0.080618),0.862288 (0.782100 + 0.080188),0.869735 (0.789300 + 0.080435),0.852387 (0.772200 + 0.080187),0.869749 (0.788400 + 0.081349),0.865951 (0.785700 + 0.080251),0.860418 (0.780300 + 0.080118),0.858466 (0.777600 + 0.080866),0.853743 (0.774000 + 0.079743),0.864595 (0.783000 + 0.081595),0.852108 (0.771300 + 0.080809),0.854877 (0.773100 + 0.081777),0.860276 (0.780300 + 0.079976),0.864575 (0.784800 + 0.079775),0.862792 (0.781200 + 0.081592),0.872387 (0.792900 + 0.079487),0.867219 (0.785700 + 0.081519),0.878007 (0.796500 + 0.081507),0.863287 (0.782100 + 0.081187),0.865205 (0.784800 + 0.080405),0.867233 (0.787500 + 0.079733),0.865369 (0.784800 + 0.080569),0.863171 (0.781200 + 0.081971),0.868742 (0.788400 + 0.080342),0.858342 (0.778500 + 0.079842),0.860486 (0.779400 + 0.081086),0.852353 (0.771300 + 0.081053),0.860793 (0.780300 + 0.080493),0.855504 (0.775800 + 0.079704),0.854689 (0.774000 + 0.080689),0.849208 (0.769500 + 0.079708),0.878940 (0.797400 + 0.081540),0.867165 (0.787500 + 0.079665),0.855743 (0.775800 + 0.079943),0.857467 (0.776700 + 0.080767)
19,0.879872 (0.798300 + 0.081572),0.856692 (0.776700 + 0.079992),0.844142 (0.764100 + 0.080042),0.869749 (0.788400 + 0.081349),0.867219 (0.785700 + 0.081519),0.872387 (0.792900 + 0.079487),0.861017 (0.780300 + 0.080718),0.869850 (0.788400 + 0.081450),0.866454 (0.786600 + 0.079854),0.857608 (0.776700 + 0.080908),0.859693 (0.778500 + 0.081193),0.872140 (0.792000 + 0.080140),0.861633 (0.782100 + 0.079533),0.867219 (0.785700 + 0.081519),0.865951 (0.785700 + 0.080251),0.857661 (0.776700 + 0.080961),0.868177 (0.788400 + 0.079777),0.852851 (0.773100 + 0.079751),0.855736 (0.775800 + 0.079936),0.851484 (0.770400 + 0.081084),0.861043 (0.781200 + 0.079843),0.858579 (0.777600 + 0.080979),0.869464 (0.788400 + 0.081064),0.861896 (0.780300 + 0.081596),0.873238 (0.792000 + 0.081238),0.856898 (0.775800 + 0.081098),0.864738 (0.783900 + 0.080838),0.872133 (0.791100 + 0.081033),0.854600 (0.773100 + 0.081500),0.859091 (0.778500 + 0.080591),0.859527 (0.779400 + 0.080127),0.867635 (0.786600 + 0.081035),0.868911 (0.787500 + 0.081411),0.876450 (0.794700 + 0.081750),0.860139 (0.780300 + 0.079839),0.875296 (0.793800 + 0.081496),0.865176 (0.783900 + 0.081277),0.865546 (0.785700 + 0.079846),0.855658 (0.775800 + 0.079858),0.853945 (0.773100 + 0.080845),0.862943 (0.781200 + 0.081743),0.860354 (0.779400 + 0.080954),0.864277 (0.783000 + 0.081277),0.867070 (0.786600 + 0.080470),0.861522 (0.780300 + 0.081222),0.854056 (0.774000 + 0.080056),0.861691 (0.781200 + 0.080491),0.867189 (0.786600 + 0.080589),0.866980 (0.787500 + 0.079480),0.855281 (0.775800 + 0.079481)
20,0.879872 (0.798300 + 0.081572),0.862899 (0.782100 + 0.080799),0.869506 (0.789300 + 0.080206),0.864273 (0.784800 + 0.079473),0.861044 (0.780300 + 0.080744),0.869749 (0.788400 + 0.081349),0.872588 (0.792900 + 0.079688),0.868177 (0.788400 + 0.079777),0.866980 (0.787500 + 0.079480),0.862161 (0.781200 + 0.080961),0.874512 (0.792900 + 0.081612),0.872386 (0.791100 + 0.081286),0.860957 (0.780300 + 0.080657),0.857358 (0.776700 + 0.080658),0.856292 (0.775800 + 0.080492),0.868523 (0.787500 + 0.081023),0.868392 (0.788400 + 0.079992),0.876450 (0.794700 + 0.081750),0.859560 (0.779400 + 0.080160),0.869577 (0.790200 + 0.079377),0.879872 (0.798300 + 0.081572),0.860861 (0.779400 + 0.081461),0.854840 (0.775800 + 0.079040),0.870144 (0.789300 + 0.080844),0.864857 (0.783000 + 0.081857),0.872688 (0.792000 + 0.080688),0.866583 (0.785700 + 0.080883),0.850786 (0.771300 + 0.079486),0.862254 (0.781200 + 0.081054),0.858073 (0.776700 + 0.081373),0.858968 (0.778500 + 0.080468),0.863241 (0.783000 + 0.080241),0.866127 (0.786600 + 0.079527),0.860413 (0.780300 + 0.080114),0.853604 (0.773100 + 0.080504),0.869749 (0.788400 + 0.081349),0.865546 (0.785700 + 0.079846),0.868568 (0.787500 + 0.081069),0.872689 (0.792900 + 0.079790),0.878134 (0.798300 + 0.079834),0.867260 (0.785700 + 0.081560),0.856462 (0.775800 + 0.080662),0.874207 (0.792900 + 0.081307),0.859174 (0.778500 + 0.080674),0.867219 (0.785700 + 0.081519),0.858815 (0.779400 + 0.079415),0.862056 (0.781200 + 0.080856),0.866841 (0.785700 + 0.081141),0.858300 (0.778500 + 0.079800),0.865246 (0.784800 + 0.080446)
21,0.879872 (0.798300 + 0.081572),0.879888 (0.798300 + 0.081588),0.866586 (0.786600 + 0.079986),0.857032 (0.775800 + 0.081232),0.871545 (0.790200 + 0.081345),0.876450 (0.794700 + 0.081750),0.869749 (0.788400 + 0.081349),0.863910 (0.783000 + 0.080910),0.859568 (0.780300 + 0.079269),0.862780 (0.782100 + 0.080680),0.874835 (0.793800 + 0.081035),0.866731 (0.785700 + 0.081031),0.861682 (0.782100 + 0.079582),0.863073 (0.782100 + 0.080973),0.868487 (0.786600 + 0.081887),0.849401 (0.768600 + 0.080801),0.873269 (0.792900 + 0.080369),0.856298 (0.775800 + 0.080498),0.854840 (0.775800 + 0.079040),0.878237 (0.799200 + 0.079037),0.862254 (0.781200 + 0.081054),0.854598 (0.774900 + 0.079698),0.858671 (0.778500 + 0.080171),0.873553 (0.793800 + 0.079753),0.863409 (0.783900 + 0.079509),0.872387 (0.792900 + 0.079487),0.858595 (0.777600 + 0.080995),0.865140 (0.785700 + 0.079439),0.855783 (0.776700 + 0.079083),0.862501 (0.783000 + 0.079501),0.865707 (0.784800 + 0.080908),0.865465 (0.784800 + 0.080665),0.858172 (0.778500 + 0.079672),0.861190 (0.780300 + 0.080891),0.858091 (0.776700 + 0.081391),0.873596 (0.793800 + 0.079796),0.861819 (0.782100 + 0.079719),0.859009 (0.778500 + 0.080509),0.861502 (0.780300 + 0.081202),0.856344 (0.775800 + 0.080544),0.873211 (0.792000 + 0.081211),0.871481 (0.791100 + 0.080381),0.860313 (0.780300 + 0.080013),0.861256 (0.779400 + 0.081856),0.875041 (0.793800 + 0.081241),0.864109 (0.782100 + 0.082009),0.859801 (0.779400 + 0.080401),0.862794 (0.782100 + 0.080694),0.860105 (0.778500 + 0.081605),0.860984 (0.781200 + 0.079785)
22,0.879888 (0.798300 + 0.081588),0.858468 (0.777600 + 0.080868),0.865189 (0.783000 + 0.082189),0.873553 (0.793800 + 0.079753),0.862501 (0.783000 + 0.079501),0.868225 (0.788400 + 0.079825),0.862557 (0.782100 + 0.080456),0.861048 (0.780300 + 0.080749),0.867166 (0.785700 + 0.081466),0.868517 (0.787500 + 0.081017),0.861897 (0.780300 + 0.081597),0.873553 (0.793800 + 0.079753),0.859801 (0.779400 + 0.080401),0.865456 (0.783900 + 0.081556),0.873769 (0.792900 + 0.080869),0.866586 (0.786600 + 0.079986),0.859801 (0.779400 + 0.080401),0.864582 (0.783900 + 0.080682),0.860067 (0.779400 + 0.080667),0.867701 (0.786600 + 0.081101),0.869575 (0.788400 + 0.081175),0.873553 (0.793800 + 0.079753),0.873211 (0.792000 + 0.081211),0.866783 (0.787500 + 0.079283),0.847639 (0.766800 + 0.080839),0.851058 (0.770400 + 0.080658),0.859269 (0.778500 + 0.080769),0.867801 (0.786600 + 0.081201),0.871508 (0.791100 + 0.080408),0.857516 (0.777600 + 0.079916),0.865739 (0.786600 + 0.079139),0.871481 (0.791100 + 0.080381),0.865465 (0.784800 + 0.080665),0.864562 (0.784800 + 0.079762),0.868634 (0.789300 + 0.079334),0.866026 (0.786600 + 0.079426),0.866122 (0.786600 + 0.079522),0.869802 (0.790200 + 0.079602),0.864600 (0.784800 + 0.079800),0.878237 (0.799200 + 0.079037),0.873553 (0.793800 + 0.079753),0.873254 (0.792000 + 0.081254),0.857839 (0.779400 + 0.078439),0.858753 (0.778500 + 0.080253),0.875641 (0.794700 + 0.080941),0.855194 (0.776700 + 0.078494),0.868137 (0.786600 + 0.081537),0.868358 (0.786600 + 0.081758),0.857088 (0.775800 + 0.081288),0.865250 (0.784800 + 0.080450)
23,0.879888 (0.798300 + 0.081588),0.855601 (0.774900 + 0.080701),0.864273 (0.784800 + 0.079473),0.871508 (0.791100 + 0.080408),0.871508 (0.791100 + 0.080408),0.862433 (0.781200 + 0.081233),0.866682 (0.786600 + 0.080082),0.877506 (0.798300 + 0.079206),0.863104 (0.782100 + 0.081004),0.869343 (0.789300 + 0.080043),0.867672 (0.786600 + 0.081072),0.874779 (0.793800 + 0.080979),0.850793 (0.769500 + 0.081293),0.870337 (0.788400 + 0.081937),0.866896 (0.786600 + 0.080296),0.853825 (0.772200 + 0.081625),0.862896 (0.782100 + 0.080796),0.865166 (0.784800 + 0.080367),0.865183 (0.784800 + 0.080383),0.870751 (0.791100 + 0.079651),0.861747 (0.782100 + 0.079647),0.862874 (0.783000 + 0.079874),0.863954 (0.783900 + 0.080054),0.873553 (0.793800 + 0.079753),0.873553 (0.793800 + 0.079753),0.865319 (0.785700 + 0.079619),0.858592 (0.778500 + 0.080092),0.864635 (0.785700 + 0.078935),0.853090 (0.773100 + 0.079990),0.870037 (0.789300 + 0.080737),0.847469 (0.766800 + 0.080669),0.869550 (0.789300 + 0.080250),0.867644 (0.788400 + 0.079244),0.861717 (0.781200 + 0.080517),0.851014 (0.770400 + 0.080614),0.867578 (0.787500 + 0.080078),0.863278 (0.783000 + 0.080278),0.871680 (0.791100 + 0.080580),0.848950 (0.769500 + 0.079450),0.864310 (0.783000 + 0.081310),0.845103 (0.765000 + 0.080103),0.860656 (0.780300 + 0.080356),0.859576 (0.778500 + 0.081076),0.853067 (0.773100 + 0.079967),0.862407 (0.782100 + 0.080307),0.862175 (0.781200 + 0.080976),0.868436 (0.788400 + 0.080036),0.864292 (0.784800 + 0.079492),0.869597 (0.790200 + 0.079397),0.863290 (0.783000 + 0.080290)
24,0.879888 (0.798300 + 0.081588),0.858989 (0.779400 + 0.079589),0.873084 (0.792000 + 0.081084),0.863954 (0.783900 + 0.080054),0.871680 (0.791100 + 0.080580),0.871017 (0.791100 + 0.079917),0.864786 (0.784800 + 0.079986),0.862187 (0.780300 + 0.081887),0.862437 (0.782100 + 0.080337),0.863278 (0.783000 + 0.080278),0.877506 (0.798300 + 0.079206),0.871309 (0.792000 + 0.079309),0.863290 (0.783000 + 0.080290),0.866604 (0.785700 + 0.080904),0.859303 (0.778500 + 0.080803),0.867382 (0.787500 + 0.079882),0.860125 (0.781200 + 0.078925),0.862980 (0.783000 + 0.079980),0.870439 (0.788400 + 0.082039),0.869114 (0.787500 + 0.081614),0.865082 (0.783900 + 0.081182),0.869417 (0.790200 + 0.079217),0.866052 (0.784800 + 0.081252),0.875422 (0.795600 + 0.079822),0.854336 (0.774000 + 0.080336),0.870415 (0.791100 + 0.079316),0.866909 (0.786600 + 0.080309),0.882564 (0.802800 + 0.079764),0.846110 (0.765900 + 0.080210),0.855125 (0.775800 + 0.079325),0.870098 (0.791100 + 0.078998),0.862355 (0.782100 + 0.080255),0.869137 (0.790200 + 0.078937),0.863749 (0.784800 + 0.078949),0.859044 (0.777600 + 0.081444),0.869289 (0.789300 + 0.079989),0.876396 (0.794700 + 0.081696),0.857391 (0.777600 + 0.079791),0.879304 (0.798300 + 0.081004),0.871480 (0.792000 + 0.079480),0.856785 (0.775800 + 0.080985),0.865823 (0.785700 + 0.080123),0.870005 (0.789300 + 0.080706),0.856455 (0.775800 + 0.080655),0.862017 (0.782100 + 0.079917),0.871070 (0.791100 + 0.079970),0.869772 (0.789300 + 0.080472),0.884321 (0.804600 + 0.079721),0.851821 (0.772200 + 0.079621),0.861916 (0.782100 + 0.079816)
25,0.884321 (0.804600 + 0.079721),0.871214 (0.792000 + 0.079214),0.874583 (0.794700 + 0.079883),0.870005 (0.789300 + 0.080706),0.872437 (0.792000 + 0.080437),0.879888 (0.798300 + 0.081588),0.861601 (0.781200 + 0.080401),0.870539 (0.791100 + 0.079439),0.856016 (0.775800 + 0.080216),0.862905 (0.782100 + 0.080805),0.872916 (0.793800 + 0.079116),0.862061 (0.781200 + 0.080861),0.863120 (0.782100 + 0.081020),0.868185 (0.787500 + 0.080685),0.865005 (0.784800 + 0.080205),0.865898 (0.786600 + 0.079298),0.861514 (0.781200 + 0.080314),0.863139 (0.782100 + 0.081039),0.865460 (0.784800 + 0.080660),0.870001 (0.788400 + 0.081601),0.853176 (0.773100 + 0.080076),0.879509 (0.799200 + 0.080309),0.868616 (0.787500 + 0.081116),0.870838 (0.791100 + 0.079738),0.865551 (0.784800 + 0.080751),0.874812 (0.794700 + 0.080112),0.870533 (0.789300 + 0.081233),0.861916 (0.782100 + 0.079816),0.869114 (0.787500 + 0.081614),0.861275 (0.780300 + 0.080975),0.877805 (0.797400 + 0.080405),0.854129 (0.774000 + 0.080129),0.868826 (0.789300 + 0.079526),0.871899 (0.792900 + 0.078999),0.865847 (0.786600 + 0.079247),0.884321 (0.804600 + 0.079721),0.863954 (0.783900 + 0.080054),0.863746 (0.782100 + 0.081646),0.856268 (0.775800 + 0.080468),0.861313 (0.782100 + 0.079213),0.864965 (0.785700 + 0.079265),0.851530 (0.771300 + 0.080230),0.864967 (0.785700 + 0.079267),0.866170 (0.784800 + 0.081370),0.856385 (0.775800 + 0.080585),0.854176 (0.774900 + 0.079276),0.861886 (0.780300 + 0.081586),0.863788 (0.783000 + 0.080788),0.862287 (0.781200 + 0.081087),0.858416 (0.777600 + 0.080816)
26,0.884321 (0.804600 + 0.079721),0.878023 (0.799200 + 0.078823),0.859486 (0.780300 + 0.079186),0.872277 (0.791100 + 0.081177),0.861837 (0.782100 + 0.079737),0.870888 (0.790200 + 0.080688),0.870223 (0.790200 + 0.080023),0.865159 (0.785700 + 0.079459),0.871256 (0.791100 + 0.080156),0.866765 (0.786600 + 0.080165),0.870918 (0.791100 + 0.079818),0.865194 (0.785700 + 0.079494),0.862059 (0.781200 + 0.080859),0.875595 (0.795600 + 0.079995),0.863177 (0.783900 + 0.079277),0.862837 (0.783000 + 0.079838),0.877805 (0.797400 + 0.080405),0.871485 (0.790200 + 0.081285),0.861827 (0.781200 + 0.080627),0.877137 (0.795600 + 0.081537),0.860793 (0.780300 + 0.080493),0.867678 (0.786600 + 0.081078),0.868958 (0.789300 + 0.079658),0.871700 (0.791100 + 0.080600),0.869439 (0.789300 + 0.080139),0.863502 (0.783900 + 0.079602),0.864797 (0.784800 + 0.079997),0.865453 (0.785700 + 0.079753),0.866933 (0.785700 + 0.081233),0.874599 (0.795600 + 0.078999),0.857334 (0.776700 + 0.080634),0.876465 (0.797400 + 0.079066),0.879745 (0.800100 + 0.079645),0.871214 (0.792000 + 0.079214),0.870533 (0.789300 + 0.081233),0.874404 (0.792900 + 0.081504),0.856741 (0.775800 + 0.080941),0.868958 (0.789300 + 0.079658),0.870960 (0.791100 + 0.079860),0.859206 (0.780300 + 0.078906),0.865000 (0.784800 + 0.080201),0.869415 (0.788400 + 0.081015),0.865098 (0.783900 + 0.081198),0.869409 (0.787500 + 0.081909),0.877882 (0.797400 + 0.080482),0.876075 (0.795600 + 0.080475),0.851275 (0.771300 + 0.079975),0.864017 (0.783900 + 0.080117),0.855275 (0.774900 + 0.080375),0.865551 (0.784800 + 0.080751)
27,0.884321 (0.804600 + 0.079721),0.877137 (0.795600 + 0.081537),0.865592 (0.783900 + 0.081692),0.871232 (0.792000 + 0.079232),0.872882 (0.792000 + 0.080882),0.869241 (0.788400 + 0.080841),0.872214 (0.792000 + 0.080214),0.866193 (0.786600 + 0.079593),0.870005 (0.789300 + 0.080706),0.877914 (0.796500 + 0.081414),0.869167 (0.789300 + 0.079867),0.868502 (0.788400 + 0.080102),0.875226 (0.794700 + 0.080526),0.861793 (0.781200 + 0.080593),0.879888 (0.798300 + 0.081588),0.864135 (0.784800 + 0.079335),0.861016 (0.781200 + 0.079816),0.867669 (0.788400 + 0.079269),0.864520 (0.784800 + 0.079720),0.865267 (0.783900 + 0.081367),0.862583 (0.781200 + 0.081383),0.844065 (0.764100 + 0.079965),0.874492 (0.794700 + 0.079792),0.851366 (0.772200 + 0.079166),0.870888 (0.790200 + 0.080688),0.851734 (0.770400 + 0.081334),0.866083 (0.786600 + 0.079483),0.871444 (0.790200 + 0.081244),0.874392 (0.792900 + 0.081492),0.849535 (0.769500 + 0.080035),0.879324 (0.800100 + 0.079224),0.859138 (0.779400 + 0.079738),0.873138 (0.792900 + 0.080238),0.868601 (0.787500 + 0.081101),0.856987 (0.776700 + 0.080287),0.862510 (0.783000 + 0.079510),0.869958 (0.789300 + 0.080658),0.863759 (0.783900 + 0.079859),0.874689 (0.795600 + 0.079089),0.877882 (0.797400 + 0.080482),0.871485 (0.790200 + 0.081285),0.863938 (0.783900 + 0.080038),0.854032 (0.774000 + 0.080032),0.862196 (0.782100 + 0.080096),0.866764 (0.787500 + 0.079264),0.870519 (0.790200 + 0.080319),0.857439 (0.775800 + 0.081639),0.858452 (0.778500 + 0.079953),0.875208 (0.795600 + 0.079608),0.866808 (0.787500 + 0.079308)
28,0.884321 (0.804600 + 0.079721),0.881816 (0.800100 + 0.081716),0.865988 (0.784800 + 0.081188),0.871970 (0.791100 + 0.080870),0.876530 (0.795600 + 0.080930),0.846031 (0.765000 + 0.081031),0.863493 (0.783000 + 0.080493),0.875977 (0.796500 + 0.079477),0.857399 (0.776700 + 0.080700),0.866378 (0.787500 + 0.078878),0.871764 (0.792000 + 0.079764),0.873601 (0.792900 + 0.080701),0.879205 (0.798300 + 0.080905),0.867501 (0.786600 + 0.080901),0.853233 (0.774000 + 0.079233),0.866994 (0.787500 + 0.079494),0.868671 (0.788400 + 0.080271),0.861677 (0.781200 + 0.080477),0.872148 (0.792000 + 0.080148),0.863884 (0.784800 + 0.079084),0.867512 (0.787500 + 0.080012),0.869947 (0.789300 + 0.080647),0.876800 (0.796500 + 0.080300),0.873296 (0.793800 + 0.079496),0.865788 (0.785700 + 0.080088),0.860628 (0.780300 + 0.080328),0.867803 (0.788400 + 0.079402),0.871232 (0.792000 + 0.079232),0.871232 (0.792000 + 0.079232),0.865055 (0.785700 + 0.079355),0.867788 (0.786600 + 0.081188),0.854457 (0.774000 + 0.080457),0.857157 (0.777600 + 0.079557),0.876739 (0.797400 + 0.079339),0.869958 (0.789300 + 0.080658),0.879888 (0.798300 + 0.081588),0.871485 (0.790200 + 0.081285),0.862589 (0.782100 + 0.080489),0.864017 (0.783900 + 0.080117),0.870540 (0.790200 + 0.080340),0.865643 (0.785700 + 0.079943),0.857176 (0.776700 + 0.080476),0.859452 (0.779400 + 0.080052),0.851831 (0.771300 + 0.080531),0.873179 (0.792000 + 0.081179),0.869589 (0.788400 + 0.081189),0.870237 (0.789300 + 0.080937),0.866600 (0.787500 + 0.079100),0.871067 (0.790200 + 0.080867),0.855255 (0.774900 + 0.080355)
29,0.884321 (0.804600 + 0.079721),0.866209 (0.784800 + 0.081409),0.876612 (0.795600 + 0.081012),0.865154 (0.784800 + 0.080354),0.866684 (0.786600 + 0.080084),0.864290 (0.785700 + 0.078590),0.859026 (0.777600 + 0.081426),0.870227 (0.789300 + 0.080927),0.878049 (0.797400 + 0.080649),0.847499 (0.768600 + 0.078899),0.876252 (0.796500 + 0.079752),0.854850 (0.774900 + 0.079950),0.873503 (0.793800 + 0.079703),0.877914 (0.797400 + 0.080514),0.864690 (0.783900 + 0.080790),0.864089 (0.783900 + 0.080189),0.882569 (0.801900 + 0.080670),0.872101 (0.790200 + 0.081901),0.865325 (0.784800 + 0.080525),0.872764 (0.793800 + 0.078964),0.873069 (0.792000 + 0.081069),0.869160 (0.790200 + 0.078960),0.849124 (0.768600 + 0.080524),0.867990 (0.788400 + 0.079590),0.881452 (0.801000 + 0.080452),0.869819 (0.790200 + 0.079619),0.872819 (0.792000 + 0.080819),0.871476 (0.790200 + 0.081276),0.870343 (0.790200 + 0.080143),0.873331 (0.792900 + 0.080431),0.876506 (0.795600 + 0.080906),0.865761 (0.785700 + 0.080061),0.876458 (0.795600 + 0.080858),0.866643 (0.787500 + 0.079143),0.869347 (0.789300 + 0.080047),0.868653 (0.789300 + 0.079353),0.869128 (0.790200 + 0.078928),0.875485 (0.794700 + 0.080785),0.868499 (0.789300 + 0.079199),0.858643 (0.777600 + 0.081043),0.863804 (0.783900 + 0.079904),0.881816 (0.800100 + 0.081716),0.878421 (0.798300 + 0.080121),0.868719 (0.789300 + 0.079419),0.876798 (0.797400 + 0.079398),0.884321 (0.804600 + 0.079721),0.871232 (0.792000 + 0.079232),0.867758 (0.788400 + 0.079358),0.857497 (0.776700 + 0.080797),0.864724 (0.785700 + 0.079024)
30,0.884321 (0.804600 + 0.079721),0.876973 (0.797400 + 0.079573),0.872923 (0.793800 + 0.079123),0.855904 (0.775800 + 0.080104),0.874126 (0.793800 + 0.080326),0.864583 (0.783900 + 0.080683),0.869915 (0.790200 + 0.079715),0.859339 (0.778500 + 0.080839),0.869778 (0.789300 + 0.080478),0.872121 (0.792000 + 0.080121),0.867225 (0.786600 + 0.080625),0.875913 (0.796500 + 0.079413),0.857101 (0.776700 + 0.080401),0.868067 (0.788400 + 0.079667),0.873389 (0.793800 + 0.079589),0.879697 (0.799200 + 0.080497),0.876771 (0.796500 + 0.080271),0.865930 (0.784800 + 0.081130),0.874704 (0.794700 + 0.080004),0.879275 (0.798300 + 0.080975),0.861059 (0.780300 + 0.080759),0.877914 (0.796500 + 0.081414),0.871822 (0.792000 + 0.079822),0.873493 (0.792900 + 0.080593),0.861587 (0.781200 + 0.080387),0.870028 (0.789300 + 0.080728),0.870193 (0.791100 + 0.079093),0.859619 (0.780300 + 0.079319),0.878081 (0.798300 + 0.079781),0.878553 (0.798300 + 0.080253),0.857288 (0.778500 + 0.078788),0.864812 (0.785700 + 0.079112),0.878748 (0.799200 + 0.079548),0.857009 (0.776700 + 0.080309),0.863742 (0.783900 + 0.079842),0.880846 (0.801000 + 0.079846),0.876800 (0.796500 + 0.080300),0.862728 (0.783900 + 0.078828),0.865748 (0.784800 + 0.080948),0.865581 (0.785700 + 0.079881),0.864290 (0.785700 + 0.078590),0.859819 (0.780300 + 0.079519),0.864736 (0.783900 + 0.080837),0.864323 (0.784800 + 0.079523),0.870433 (0.791100 + 0.079333),0.881816 (0.800100 + 0.081716),0.870343 (0.790200 + 0.080143),0.856920 (0.777600 + 0.079320),0.869456 (0.790200 + 0.079256),0.859595 (0.778500 + 0.081095)
31,0.884321 (0.804600 + 0.079721),0.864747 (0.785700 + 0.079047),0.868221 (0.787500 + 0.080721),0.863941 (0.783900 + 0.080041),0.871531 (0.792000 + 0.079531),0.863002 (0.783000 + 0.080002),0.883675 (0.803700 + 0.079975),0.868358 (0.788400 + 0.079958),0.867112 (0.786600 + 0.080512),0.870343 (0.790200 + 0.080143),0.865535 (0.785700 + 0.079835),0.865584 (0.786600 + 0.078984),0.878002 (0.797400 + 0.080602),0.869517 (0.790200 + 0.079317),0.866942 (0.786600 + 0.080342),0.878283 (0.797400 + 0.080883),0.854544 (0.774000 + 0.080544),0.880846 (0.801000 + 0.079846),0.869644 (0.789300 + 0.080344),0.868546 (0.787500 + 0.081046),0.870604 (0.790200 + 0.080404),0.878999 (0.800100 + 0.078899),0.861411 (0.782100 + 0.079311),0.872770 (0.792000 + 0.080770),0.878511 (0.798300 + 0.080211),0.880761 (0.801000 + 0.079761),0.875890 (0.795600 + 0.080290),0.877655 (0.797400 + 0.080255),0.865766 (0.786600 + 0.079166),0.872614 (0.793800 + 0.078814),0.872929 (0.792900 + 0.080029),0.870810 (0.791100 + 0.079710),0.879089 (0.798300 + 0.080789),0.869183 (0.788400 + 0.080783),0.873722 (0.792900 + 0.080823),0.874126 (0.793800 + 0.080326),0.869554 (0.789300 + 0.080254),0.865493 (0.784800 + 0.080693),0.881904 (0.801900 + 0.080004),0.861846 (0.781200 + 0.080647),0.865763 (0.785700 + 0.080063),0.867705 (0.788400 + 0.079305),0.866930 (0.786600 + 0.080330),0.876800 (0.796500 + 0.080300),0.870780 (0.791100 + 0.079680),0.868767 (0.789300 + 0.079467),0.863709 (0.783900 + 0.079809),0.876151 (0.796500 + 0.079651),0.874180 (0.793800 + 0.080380),0.863168 (0.783900 + 0.079268)
32,0.884321 (0.804600 + 0.079721),0.872578 (0.791100 + 0.081478),0.868112 (0.788400 + 0.079712),0.864969 (0.784800 + 0.080169),0.870175 (0.789300 + 0.080875),0.866942 (0.786600 + 0.080342),0.866942 (0.786600 + 0.080342),0.881124 (0.800100 + 0.081024),0.871973 (0.792000 + 0.079973),0.864817 (0.784800 + 0.080017),0.851219 (0.771300 + 0.079919),0.866656 (0.786600 + 0.080056),0.865295 (0.784800 + 0.080495),0.878433 (0.799200 + 0.079233),0.875594 (0.796500 + 0.079095),0.867530 (0.786600 + 0.080930),0.865806 (0.785700 + 0.080106),0.873463 (0.792900 + 0.080563),0.869094 (0.789300 + 0.079794),0.875091 (0.794700 + 0.080391),0.869248 (0.789300 + 0.079948),0.865994 (0.786600 + 0.079394),0.882939 (0.803700 + 0.079239),0.869367 (0.789300 + 0.080067),0.862377 (0.782100 + 0.080277),0.871908 (0.792900 + 0.079008),0.868697 (0.788400 + 0.080297),0.859334 (0.778500 + 0.080834),0.873184 (0.792900 + 0.080284),0.868268 (0.788400 + 0.079868),0.883675 (0.803700 + 0.079975),0.867606 (0.787500 + 0.080106),0.868557 (0.788400 + 0.080157),0.860342 (0.780300 + 0.080042),0.874811 (0.794700 + 0.080111),0.874053 (0.793800 + 0.080253),0.876434 (0.796500 + 0.079934),0.858047 (0.778500 + 0.079547),0.873445 (0.793800 + 0.079645),0.880761 (0.801000 + 0.079761),0.880761 (0.801000 + 0.079761),0.868696 (0.788400 + 0.080296),0.867232 (0.787500 + 0.079732),0.884321 (0.804600 + 0.079721),0.881904 (0.801900 + 0.080004),0.872756 (0.792000 + 0.080756),0.851890 (0.771300 + 0.080590),0.867752 (0.787500 + 0.080252),0.876025 (0.796500 + 0.079525),0.863091 (0.783000 + 0.080091)
33,0.884321 (0.804600 + 0.079721),0.868242 (0.788400 + 0.079842),0.856837 (0.777600 + 0.079237),0.876434 (0.796500 + 0.079934),0.866942 (0.786600 + 0.080342),0.866150 (0.785700 + 0.080450),0.866315 (0.787500 + 0.078815),0.882113 (0.801900 + 0.080213),0.869146 (0.788400 + 0.080746),0.877429 (0.797400 + 0.080029),0.868414 (0.788400 + 0.080014),0.864888 (0.784800 + 0.080089),0.887209 (0.807300 + 0.079909),0.872699 (0.792900 + 0.079799),0.880606 (0.801000 + 0.079606),0.878051 (0.796500 + 0.081551),0.865142 (0.784800 + 0.080342),0.886105 (0.806400 + 0.079705),0.883371 (0.802800 + 0.080571),0.871531 (0.792000 + 0.079531),0.863329 (0.783000 + 0.080329),0.868155 (0.787500 + 0.080655),0.861011 (0.780300 + 0.080711),0.876434 (0.796500 + 0.079934),0.876434 (0.796500 + 0.079934),0.870578 (0.790200 + 0.080378),0.877900 (0.798300 + 0.079600),0.872578 (0.791100 + 0.081478),0.869248 (0.789300 + 0.079948),0.861849 (0.782100 + 0.079749),0.865565 (0.785700 + 0.079865),0.852213 (0.772200 + 0.080013),0.868145 (0.788400 + 0.079745),0.856807 (0.776700 + 0.080107),0.871346 (0.790200 + 0.081146),0.868413 (0.788400 + 0.080013),0.870571 (0.790200 + 0.080371),0.880761 (0.801000 + 0.079761),0.881456 (0.801900 + 0.079556),0.868827 (0.789300 + 0.079527),0.864232 (0.784800 + 0.079432),0.864110 (0.784800 + 0.079310),0.880403 (0.801000 + 0.079403),0.873463 (0.792900 + 0.080563),0.861223 (0.781200 + 0.080023),0.884922 (0.805500 + 0.079422),0.861362 (0.780300 + 0.081062),0.878433 (0.799200 + 0.079233),0.875594 (0.796500 + 0.079095),0.869593 (0.789300 + 0.080293)
34,0.887209 (0.807300 + 0.079909),0.873111 (0.793800 + 0.079311),0.884321 (0.804600 + 0.079721),0.868504 (0.788400 + 0.080104),0.871175 (0.792000 + 0.079175),0.878511 (0.798300 + 0.080211),0.855681 (0.775800 + 0.079881),0.884321 (0.804600 + 0.079721),0.880761 (0.801000 + 0.079761),0.884922 (0.805500 + 0.079422),0.869481 (0.790200 + 0.079281),0.866790 (0.786600 + 0.080190),0.869774 (0.789300 + 0.080474),0.853821 (0.774000 + 0.079821),0.866202 (0.787500 + 0.078702),0.882648 (0.802800 + 0.079848),0.877217 (0.797400 + 0.079817),0.855713 (0.774900 + 0.080813),0.873580 (0.794700 + 0.078880),0.868054 (0.788400 + 0.079654),0.870572 (0.791100 + 0.079472),0.853747 (0.773100 + 0.080647),0.868934 (0.789300 + 0.079634),0.869629 (0.789300 + 0.080329),0.876735 (0.797400 + 0.079335),0.864706 (0.784800 + 0.079906),0.869871 (0.789300 + 0.080571),0.877710 (0.798300 + 0.079410),0.858812 (0.778500 + 0.080312),0.879827 (0.801000 + 0.078827),0.866084 (0.785700 + 0.080384),0.882219 (0.802800 + 0.079419),0.860010 (0.780300 + 0.079710),0.876773 (0.797400 + 0.079374),0.867079 (0.787500 + 0.079579),0.889416 (0.810000 + 0.079417),0.854743 (0.774000 + 0.080743),0.879003 (0.799200 + 0.079803),0.866086 (0.787500 + 0.078586),0.876434 (0.796500 + 0.079934),0.872798 (0.792900 + 0.079898),0.875723 (0.795600 + 0.080123),0.877741 (0.797400 + 0.080341),0.879496 (0.799200 + 0.080296),0.869565 (0.788400 + 0.081166),0.865909 (0.786600 + 0.079309),0.864888 (0.784800 + 0.080089),0.877900 (0.798300 + 0.079600),0.868413 (0.788400 + 0.080013),0.878737 (0.799200 + 0.079537)
35,0.889416 (0.810000 + 0.079417),0.886458 (0.806400 + 0.080058),0.870874 (0.790200 + 0.080674),0.863189 (0.783900 + 0.079289),0.877852 (0.797400 + 0.080452),0.889416 (0.810000 + 0.079417),0.882219 (0.802800 + 0.079419),0.876833 (0.796500 + 0.080333),0.878044 (0.799200 + 0.078844),0.882796 (0.802800 + 0.079996),0.878913 (0.799200 + 0.079713),0.873415 (0.793800 + 0.079615),0.858899 (0.778500 + 0.080399),0.887209 (0.807300 + 0.079909),0.865776 (0.785700 + 0.080076),0.868934 (0.789300 + 0.079634),0.882467 (0.802800 + 0.079667),0.861809 (0.782100 + 0.079709),0.878409 (0.799200 + 0.079209),0.863902 (0.784800 + 0.079102),0.870199 (0.790200 + 0.079999),0.887209 (0.807300 + 0.079909),0.866311 (0.786600 + 0.079711),0.877900 (0.798300 + 0.079600),0.876735 (0.797400 + 0.079335),0.878903 (0.799200 + 0.079703),0.865771 (0.786600 + 0.079171),0.860208 (0.779400 + 0.080808),0.885349 (0.806400 + 0.078949),0.859131 (0.779400 + 0.079731),0.882015 (0.801900 + 0.080115),0.874551 (0.795600 + 0.078951),0.872305 (0.792900 + 0.079405),0.893044 (0.813600 + 0.079444),0.870386 (0.790200 + 0.080186),0.859715 (0.780300 + 0.079415),0.877637 (0.798300 + 0.079337),0.878752 (0.799200 + 0.079552),0.871740 (0.792000 + 0.079740),0.878096 (0.798300 + 0.079796),0.858927 (0.779400 + 0.079527),0.876664 (0.797400 + 0.079264),0.887570 (0.808200 + 0.079370),0.871199 (0.792000 + 0.079199),0.871454 (0.792000 + 0.079454),0.879644 (0.800100 + 0.079544),0.883003 (0.803700 + 0.079303),0.879827 (0.801000 + 0.078827),0.875411 (0.796500 + 0.078911),0.868504 (0.788400 + 0.080104)
36,0.893044 (0.813600 + 0.079444),0.865727 (0.785700 + 0.080027),0.870360 (0.791100 + 0.079260),0.878938 (0.799200 + 0.079738),0.864293 (0.784800 + 0.079493),0.870522 (0.792000 + 0.078522),0.878146 (0.798300 + 0.079846),0.863601 (0.783900 + 0.079701),0.889416 (0.810000 + 0.079417),0.858761 (0.778500 + 0.080261),0.870193 (0.791100 + 0.079093),0.882834 (0.803700 + 0.079134),0.867818 (0.788400 + 0.079418),0.878409 (0.799200 + 0.079209),0.860452 (0.781200 + 0.079252),0.884758 (0.805500 + 0.079258),0.885897 (0.806400 + 0.079497),0.868885 (0.789300 + 0.079585),0.889540 (0.810000 + 0.079540),0.875936 (0.795600 + 0.080336),0.880488 (0.801900 + 0.078588),0.883003 (0.803700 + 0.079303),0.878096 (0.798300 + 0.079796),0.864702 (0.785700 + 0.079002),0.862272 (0.783000 + 0.079272),0.873808 (0.794700 + 0.079108),0.878798 (0.799200 + 0.079598),0.864151 (0.783900 + 0.080251),0.873992 (0.794700 + 0.079292),0.855392 (0.775800 + 0.079592),0.861193 (0.781200 + 0.079994),0.886899 (0.807300 + 0.079599),0.886458 (0.806400 + 0.080058),0.869579 (0.790200 + 0.079379),0.868239 (0.789300 + 0.078939),0.877850 (0.798300 + 0.079550),0.868961 (0.789300 + 0.079661),0.872585 (0.792900 + 0.079685),0.873042 (0.792900 + 0.080142),0.866042 (0.785700 + 0.080342),0.882068 (0.802800 + 0.079268),0.876628 (0.797400 + 0.079228),0.886475 (0.807300 + 0.079175),0.870130 (0.790200 + 0.079930),0.865631 (0.786600 + 0.079031),0.869624 (0.790200 + 0.079424),0.866605 (0.787500 + 0.079105),0.887209 (0.807300 + 0.079909),0.878752 (0.799200 + 0.079552),0.882300 (0.802800 + 0.079501)
37,0.893044 (0.813600 + 0.079444),0.891943 (0.812700 + 0.079243),0.870548 (0.791100 + 0.079448),0.874718 (0.795600 + 0.079118),0.874969 (0.795600 + 0.079369),0.876628 (0.797400 + 0.079228),0.876628 (0.797400 + 0.079228),0.865968 (0.785700 + 0.080268),0.878536 (0.799200 + 0.079336),0.881110 (0.801900 + 0.079210),0.870470 (0.791100 + 0.079370),0.869885 (0.790200 + 0.079685),0.871460 (0.792900 + 0.078560),0.869410 (0.789300 + 0.080110),0.877113 (0.798300 + 0.078813),0.883395 (0.803700 + 0.079696),0.876368 (0.796500 + 0.079868),0.880313 (0.800100 + 0.080213),0.861306 (0.782100 + 0.079206),0.887209 (0.807300 + 0.079909),0.866042 (0.785700 + 0.080342),0.862548 (0.782100 + 0.080448),0.885905 (0.806400 + 0.079505),0.869291 (0.790200 + 0.079091),0.885212 (0.805500 + 0.079712),0.872579 (0.793800 + 0.078779),0.865006 (0.784800 + 0.080207),0.879411 (0.800100 + 0.079311),0.887736 (0.808200 + 0.079536),0.871099 (0.792000 + 0.079099),0.876628 (0.797400 + 0.079228),0.870823 (0.791100 + 0.079723),0.878938 (0.799200 + 0.079738),0.886735 (0.807300 + 0.079435),0.865636 (0.785700 + 0.079936),0.882938 (0.803700 + 0.079238),0.882905 (0.803700 + 0.079205),0.883750 (0.804600 + 0.079150),0.881519 (0.801900 + 0.079619),0.875013 (0.795600 + 0.079413),0.878900 (0.799200 + 0.079700),0.872043 (0.792000 + 0.080043),0.873036 (0.793800 + 0.079236),0.882068 (0.802800 + 0.079268),0.859140 (0.780300 + 0.078840),0.876232 (0.796500 + 0.079732),0.878826 (0.799200 + 0.079626),0.889416 (0.810000 + 0.079417),0.870130 (0.790200 + 0.079930),0.878207 (0.800100 + 0.078107)
38,0.893044 (0.813600 + 0.079444),0.889416 (0.810000 + 0.079417),0.871329 (0.792000 + 0.079329),0.878435 (0.799200 + 0.079235),0.859312 (0.779400 + 0.079912),0.879609 (0.801000 + 0.078609),0.874086 (0.793800 + 0.080286),0.872034 (0.792000 + 0.080034),0.890414 (0.810900 + 0.079514),0.878061 (0.799200 + 0.078861),0.873908 (0.794700 + 0.079208),0.875843 (0.796500 + 0.079344),0.865956 (0.787500 + 0.078456),0.870244 (0.791100 + 0.079144),0.877365 (0.798300 + 0.079065),0.857933 (0.778500 + 0.079433),0.873159 (0.792900 + 0.080259),0.862416 (0.783000 + 0.079416),0.866881 (0.786600 + 0.080281),0.877285 (0.797400 + 0.079885),0.875972 (0.796500 + 0.079472),0.881423 (0.801900 + 0.079523),0.883750 (0.804600 + 0.079150),0.871566 (0.792000 + 0.079566),0.876562 (0.797400 + 0.079162),0.880585 (0.801000 + 0.079585),0.881944 (0.801900 + 0.080044),0.879883 (0.800100 + 0.079783),0.872048 (0.792900 + 0.079148),0.873206 (0.793800 + 0.079406),0.871332 (0.792000 + 0.079332),0.893044 (0.813600 + 0.079444),0.872043 (0.792000 + 0.080043),0.865932 (0.786600 + 0.079332),0.871131 (0.792000 + 0.079131),0.864731 (0.784800 + 0.079931),0.872612 (0.793800 + 0.078812),0.860752 (0.781200 + 0.079552),0.863483 (0.783900 + 0.079583),0.881155 (0.801900 + 0.079255),0.887532 (0.808200 + 0.079332),0.874502 (0.794700 + 0.079802),0.873877 (0.794700 + 0.079177),0.866868 (0.787500 + 0.079368),0.877295 (0.797400 + 0.079895),0.867320 (0.787500 + 0.079820),0.872082 (0.792900 + 0.079182),0.867434 (0.788400 + 0.079034),0.864712 (0.785700 + 0.079012),0.888712 (0.809100 + 0.079612)
39,0.893044 (0.813600 + 0.079444),0.888902 (0.810000 + 0.078902),0.873743 (0.793800 + 0.079943),0.862339 (0.783000 + 0.079339),0.872337 (0.792900 + 0.079437),0.870011 (0.791100 + 0.078911),0.876969 (0.797400 + 0.079569),0.878435 (0.799200 + 0.079235),0.875843 (0.796500 + 0.079344),0.869523 (0.790200 + 0.079323),0.859626 (0.780300 + 0.079326),0.894023 (0.814500 + 0.079523),0.880417 (0.801000 + 0.079417),0.877661 (0.798300 + 0.079361),0.884415 (0.804600 + 0.079815),0.881169 (0.801900 + 0.079270),0.868590 (0.788400 + 0.080190),0.880323 (0.801000 + 0.079323),0.870411 (0.790200 + 0.080211),0.882764 (0.803700 + 0.079064),0.862051 (0.782100 + 0.079951),0.881114 (0.801900 + 0.079214),0.872398 (0.792900 + 0.079498),0.870031 (0.790200 + 0.079831),0.877275 (0.797400 + 0.079875),0.881731 (0.801900 + 0.079831),0.878394 (0.799200 + 0.079194),0.871191 (0.792000 + 0.079191),0.876114 (0.796500 + 0.079614),0.871554 (0.792900 + 0.078654),0.869330 (0.790200 + 0.079130),0.871764 (0.792000 + 0.079764),0.875048 (0.795600 + 0.079448),0.884732 (0.805500 + 0.079232),0.874680 (0.795600 + 0.079080),0.880920 (0.801900 + 0.079020),0.877660 (0.798300 + 0.079360),0.874502 (0.794700 + 0.079802),0.867493 (0.787500 + 0.079993),0.879513 (0.800100 + 0.079413),0.893042 (0.813600 + 0.079442),0.883317 (0.803700 + 0.079617),0.877157 (0.798300 + 0.078857),0.866458 (0.787500 + 0.078958),0.876212 (0.797400 + 0.078812),0.888009 (0.808200 + 0.079809),0.859112 (0.779400 + 0.079712),0.871736 (0.792000 + 0.079736),0.877122 (0.797400 + 0.079722),0.879027 (0.799200 + 0.079827)
40,0.894023 (0.814500 + 0.079523),0.881835 (0.802800 + 0.079035),0.883193 (0.803700 + 0.079493),0.867647 (0.788400 + 0.079247),0.880417 (0.801000 + 0.079417),0.868753 (0.789300 + 0.079453),0.893044 (0.813600 + 0.079444),0.893044 (0.813600 + 0.079444),0.883317 (0.803700 + 0.079617),0.876682 (0.797400 + 0.079282),0.884377 (0.804600 + 0.079777),0.879936 (0.800100 + 0.079836),0.860335 (0.780300 + 0.080035),0.880417 (0.801000 + 0.079417),0.867493 (0.787500 + 0.079993),0.875140 (0.796500 + 0.078640),0.887911 (0.808200 + 0.079711),0.862686 (0.783000 + 0.079686),0.878371 (0.799200 + 0.079171),0.870353 (0.790200 + 0.080153),0.877738 (0.798300 + 0.079438),0.873779 (0.794700 + 0.079079),0.881986 (0.801900 + 0.080086),0.873729 (0.794700 + 0.079029),0.865605 (0.785700 + 0.079905),0.879204 (0.800100 + 0.079104),0.880213 (0.801000 + 0.079213),0.874799 (0.795600 + 0.079199),0.880612 (0.801000 + 0.079612),0.880590 (0.801000 + 0.079590),0.876844 (0.797400 + 0.079444),0.878991 (0.799200 + 0.079791),0.877580 (0.798300 + 0.079280),0.882764 (0.803700 + 0.079064),0.862339 (0.783000 + 0.079339),0.878468 (0.799200 + 0.079268),0.875326 (0.795600 + 0.079726),0.860532 (0.781200 + 0.079332),0.874183 (0.794700 + 0.079483),0.877839 (0.798300 + 0.079539),0.864371 (0.784800 + 0.079571),0.883527 (0.803700 + 0.079828),0.882247 (0.802800 + 0.079447),0.892047 (0.812700 + 0.079347),0.872405 (0.792900 + 0.079505),0.871531 (0.792000 + 0.079531),0.877122 (0.797400 + 0.079722),0.865377 (0.786600 + 0.078777),0.876587 (0.797400 + 0.079187),0.872630 (0.792900 + 0.079730)
41,0.894023 (0.814500 + 0.079523),0.884322 (0.804600 + 0.079722),0.886713 (0.807300 + 0.079413),0.872335 (0.792900 + 0.079435),0.865409 (0.785700 + 0.079709),0.873172 (0.794700 + 0.078472),0.865506 (0.785700 + 0.079806),0.872565 (0.793800 + 0.078765),0.866270 (0.786600 + 0.079670),0.869750 (0.791100 + 0.078650),0.879673 (0.801000 + 0.078673),0.861993 (0.783000 + 0.078993),0.875753 (0.796500 + 0.079253),0.869486 (0.790200 + 0.079286),0.877316 (0.798300 + 0.079016),0.888082 (0.809100 + 0.078982),0.869640 (0.790200 + 0.079440),0.879260 (0.800100 + 0.079160),0.876356 (0.796500 + 0.079857),0.878293 (0.799200 + 0.079093),0.887658 (0.808200 + 0.079458),0.871021 (0.792000 + 0.079021),0.879054 (0.799200 + 0.079854),0.865966 (0.786600 + 0.079366),0.884612 (0.805500 + 0.079112),0.884454 (0.804600 + 0.079854),0.875063 (0.796500 + 0.078564),0.874846 (0.794700 + 0.080146),0.856158 (0.776700 + 0.079458),0.865257 (0.785700 + 0.079557),0.885538 (0.806400 + 0.079138),0.867034 (0.788400 + 0.078634),0.872510 (0.792900 + 0.079610),0.878678 (0.799200 + 0.079478),0.875129 (0.795600 + 0.079529),0.880590 (0.801000 + 0.079590),0.871531 (0.792000 + 0.079531),0.888720 (0.809100 + 0.079620),0.876211 (0.796500 + 0.079711),0.884037 (0.804600 + 0.079437),0.883577 (0.803700 + 0.079877),0.892047 (0.812700 + 0.079347),0.876844 (0.797400 + 0.079444),0.861072 (0.782100 + 0.078972),0.879204 (0.800100 + 0.079104),0.882764 (0.803700 + 0.079064),0.865128 (0.785700 + 0.079428),0.871611 (0.792000 + 0.079611),0.866526 (0.787500 + 0.079026),0.893044 (0.813600 + 0.079444)
42,0.894023 (0.814500 + 0.079523),0.886713 (0.807300 + 0.079413),0.878293 (0.799200 + 0.079093),0.870456 (0.791100 + 0.079356),0.873127 (0.793800 + 0.079327),0.869759 (0.790200 + 0.079559),0.879260 (0.800100 + 0.079160),0.876719 (0.797400 + 0.079319),0.873748 (0.793800 + 0.079948),0.883672 (0.804600 + 0.079072),0.878354 (0.799200 + 0.079154),0.885631 (0.806400 + 0.079231),0.880339 (0.801000 + 0.079339),0.867103 (0.787500 + 0.079603),0.862253 (0.783000 + 0.079253),0.873105 (0.793800 + 0.079305),0.887691 (0.808200 + 0.079491),0.877258 (0.798300 + 0.078958),0.866740 (0.787500 + 0.079240),0.877359 (0.798300 + 0.079059),0.873746 (0.793800 + 0.079946),0.874340 (0.794700 + 0.079640),0.887716 (0.808200 + 0.079516),0.869000 (0.788400 + 0.080600),0.884601 (0.805500 + 0.079101),0.856696 (0.777600 + 0.079096),0.865514 (0.786600 + 0.078914),0.878756 (0.799200 + 0.079556),0.880417 (0.801000 + 0.079417),0.877677 (0.798300 + 0.079377),0.874257 (0.795600 + 0.078657),0.879891 (0.801000 + 0.078891),0.879814 (0.800100 + 0.079714),0.873313 (0.793800 + 0.079513),0.863706 (0.784800 + 0.078906),0.877316 (0.798300 + 0.079016),0.884612 (0.805500 + 0.079112),0.894023 (0.814500 + 0.079523),0.878197 (0.799200 + 0.078997),0.882764 (0.803700 + 0.079064),0.882764 (0.803700 + 0.079064),0.872860 (0.792900 + 0.079960),0.875950 (0.796500 + 0.079450),0.892047 (0.812700 + 0.079347),0.851976 (0.772200 + 0.079776),0.886713 (0.807300 + 0.079413),0.883825 (0.804600 + 0.079225),0.892116 (0.812700 + 0.079416),0.890450 (0.810900 + 0.079550),0.877316 (0.798300 + 0.079016)
43,0.894023 (0.814500 + 0.079523),0.880103 (0.801000 + 0.079104),0.876840 (0.797400 + 0.079441),0.877595 (0.798300 + 0.079295),0.885721 (0.806400 + 0.079321),0.894023 (0.814500 + 0.079523),0.892116 (0.812700 + 0.079416),0.882040 (0.802800 + 0.079240),0.874754 (0.794700 + 0.080054),0.858764 (0.779400 + 0.079364),0.880928 (0.801900 + 0.079028),0.881326 (0.802800 + 0.078526),0.880299 (0.801000 + 0.079299),0.874721 (0.794700 + 0.080021),0.881980 (0.802800 + 0.079180),0.883990 (0.804600 + 0.079390),0.875618 (0.796500 + 0.079118),0.879792 (0.800100 + 0.079692),0.882005 (0.802800 + 0.079205),0.884470 (0.805500 + 0.078970),0.874380 (0.794700 + 0.079680),0.885195 (0.805500 + 0.079696),0.887741 (0.808200 + 0.079541),0.884612 (0.805500 + 0.079112),0.877316 (0.798300 + 0.079016),0.870786 (0.791100 + 0.079686),0.880989 (0.801900 + 0.079089),0.880691 (0.801900 + 0.078791),0.866681 (0.787500 + 0.079181),0.866499 (0.787500 + 0.078999),0.880878 (0.801900 + 0.078979),0.886621 (0.807300 + 0.079321),0.874349 (0.795600 + 0.078749),0.894023 (0.814500 + 0.079523),0.894023 (0.814500 + 0.079523),0.881419 (0.801900 + 0.079519),0.875843 (0.796500 + 0.079343),0.864443 (0.785700 + 0.078743),0.882764 (0.803700 + 0.079064),0.866536 (0.787500 + 0.079037),0.861823 (0.783000 + 0.078824),0.878510 (0.799200 + 0.079310),0.877034 (0.798300 + 0.078734),0.865195 (0.785700 + 0.079495),0.884858 (0.805500 + 0.079358),0.887696 (0.808200 + 0.079496),0.876445 (0.797400 + 0.079045),0.875115 (0.796500 + 0.078615),0.879951 (0.800100 + 0.079851),0.854794 (0.775800 + 0.078994)
44,0.894023 (0.814500 + 0.079523),0.874894 (0.795600 + 0.079294),0.894023 (0.814500 + 0.079523),0.874714 (0.795600 + 0.079114),0.876721 (0.797400 + 0.079321),0.877080 (0.797400 + 0.079680),0.882040 (0.802800 + 0.079240),0.885919 (0.806400 + 0.079519),0.882120 (0.802800 + 0.079320),0.878366 (0.799200 + 0.079166),0.877720 (0.799200 + 0.078520),0.876384 (0.797400 + 0.078984),0.885917 (0.806400 + 0.079517),0.875430 (0.796500 + 0.078930),0.882741 (0.803700 + 0.079041),0.883638 (0.804600 + 0.079038),0.873720 (0.794700 + 0.079020),0.887741 (0.808200 + 0.079541),0.880691 (0.801900 + 0.078791),0.886692 (0.807300 + 0.079392),0.867438 (0.788400 + 0.079038),0.878470 (0.799200 + 0.079270),0.873019 (0.794700 + 0.078319),0.864050 (0.784800 + 0.079250),0.889416 (0.810000 + 0.079417),0.868462 (0.789300 + 0.079162),0.860181 (0.780300 + 0.079881),0.869081 (0.790200 + 0.078881),0.885047 (0.805500 + 0.079547),0.880519 (0.801000 + 0.079519),0.872542 (0.793800 + 0.078742),0.862664 (0.783900 + 0.078764),0.879085 (0.800100 + 0.078985),0.884609 (0.805500 + 0.079109),0.872533 (0.793800 + 0.078733),0.884864 (0.805500 + 0.079364),0.861865 (0.783000 + 0.078865),0.884085 (0.804600 + 0.079485),0.885195 (0.805500 + 0.079696),0.871770 (0.792900 + 0.078870),0.874651 (0.795600 + 0.079051),0.875327 (0.796500 + 0.078827),0.877010 (0.797400 + 0.079610),0.887696 (0.808200 + 0.079496),0.877419 (0.798300 + 0.079119),0.884612 (0.805500 + 0.079112),0.864443 (0.785700 + 0.078743),0.878742 (0.799200 + 0.079542),0.861752 (0.782100 + 0.079652),0.879532 (0.800100 + 0.079432)
45,0.894023 (0.814500 + 0.079523),0.866881 (0.788400 + 0.078481),0.866871 (0.787500 + 0.079371),0.873865 (0.794700 + 0.079166),0.894023 (0.814500 + 0.079523),0.876621 (0.797400 + 0.079221),0.891115 (0.811800 + 0.079315),0.879532 (0.800100 + 0.079432),0.869907 (0.790200 + 0.079707),0.882129 (0.802800 + 0.079329),0.878123 (0.799200 + 0.078923),0.870808 (0.792000 + 0.078808),0.884901 (0.805500 + 0.079401),0.884896 (0.805500 + 0.079396),0.882939 (0.803700 + 0.079239),0.879007 (0.800100 + 0.078907),0.882120 (0.802800 + 0.079320),0.877561 (0.798300 + 0.079261),0.882057 (0.802800 + 0.079257),0.886868 (0.807300 + 0.079568),0.887692 (0.808200 + 0.079492),0.877875 (0.798300 + 0.079575),0.885663 (0.806400 + 0.079263),0.878850 (0.800100 + 0.078750),0.875029 (0.795600 + 0.079429),0.894023 (0.814500 + 0.079523),0.873411 (0.793800 + 0.079611),0.876642 (0.797400 + 0.079242),0.878805 (0.799200 + 0.079605),0.870286 (0.791100 + 0.079186),0.885102 (0.805500 + 0.079602),0.865290 (0.786600 + 0.078690),0.877030 (0.797400 + 0.079630),0.883879 (0.804600 + 0.079279),0.863574 (0.783900 + 0.079674),0.892189 (0.812700 + 0.079489),0.881066 (0.801900 + 0.079166),0.881454 (0.802800 + 0.078654),0.876721 (0.797400 + 0.079321),0.886692 (0.807300 + 0.079392),0.877720 (0.799200 + 0.078520),0.869757 (0.791100 + 0.078657),0.864945 (0.785700 + 0.079244),0.894868 (0.815400 + 0.079468),0.875672 (0.796500 + 0.079173),0.873013 (0.793800 + 0.079213),0.877658 (0.798300 + 0.079358),0.882389 (0.802800 + 0.079589),0.887741 (0.808200 + 0.079541),0.882040 (0.802800 + 0.079240)
46,0.894868 (0.815400 + 0.079468),0.894868 (0.815400 + 0.079468),0.891115 (0.811800 + 0.079315),0.892558 (0.813600 + 0.078958),0.885310 (0.806400 + 0.078910),0.879600 (0.800100 + 0.079500),0.880156 (0.801000 + 0.079156),0.884020 (0.804600 + 0.079420),0.886604 (0.807300 + 0.079305),0.886011 (0.806400 + 0.079611),0.881230 (0.801900 + 0.079330),0.866650 (0.787500 + 0.079150),0.873670 (0.794700 + 0.078970),0.885840 (0.806400 + 0.079440),0.882832 (0.803700 + 0.079132),0.873993 (0.794700 + 0.079293),0.879500 (0.800100 + 0.079400),0.894023 (0.814500 + 0.079523),0.894023 (0.814500 + 0.079523),0.887423 (0.808200 + 0.079223),0.870833 (0.792000 + 0.078833),0.877216 (0.798300 + 0.078916),0.873342 (0.794700 + 0.078642),0.887696 (0.808200 + 0.079496),0.892043 (0.812700 + 0.079343),0.879568 (0.800100 + 0.079468),0.892047 (0.812700 + 0.079347),0.878687 (0.799200 + 0.079487),0.869337 (0.790200 + 0.079137),0.873901 (0.794700 + 0.079201),0.878408 (0.799200 + 0.079208),0.884838 (0.805500 + 0.079338),0.887573 (0.808200 + 0.079373),0.878955 (0.800100 + 0.078855),0.879737 (0.800100 + 0.079637),0.879038 (0.800100 + 0.078938),0.875201 (0.796500 + 0.078701),0.875625 (0.796500 + 0.079125),0.879015 (0.800100 + 0.078915),0.870574 (0.791100 + 0.079474),0.888558 (0.809100 + 0.079458),0.881233 (0.801900 + 0.079333),0.864463 (0.784800 + 0.079663),0.886488 (0.807300 + 0.079188),0.862945 (0.783900 + 0.079045),0.892715 (0.813600 + 0.079115),0.884889 (0.805500 + 0.079389),0.885161 (0.805500 + 0.079661),0.879401 (0.800100 + 0.079301),0.885687 (0.806400 + 0.079287)
47,0.894868 (0.815400 + 0.079468),0.869341 (0.790200 + 0.079141),0.872888 (0.793800 + 0.079088),0.869631 (0.790200 + 0.079431),0.869534 (0.790200 + 0.079334),0.891247 (0.811800 + 0.079447),0.875386 (0.796500 + 0.078886),0.873813 (0.794700 + 0.079113),0.880728 (0.801900 + 0.078828),0.891931 (0.812700 + 0.079231),0.877286 (0.798300 + 0.078986),0.876648 (0.797400 + 0.079249),0.868300 (0.789300 + 0.079001),0.876791 (0.797400 + 0.079391),0.882010 (0.802800 + 0.079210),0.886980 (0.807300 + 0.079680),0.888429 (0.809100 + 0.079329),0.878911 (0.799200 + 0.079711),0.884762 (0.805500 + 0.079262),0.885944 (0.806400 + 0.079544),0.884901 (0.805500 + 0.079401),0.878022 (0.798300 + 0.079722),0.892715 (0.813600 + 0.079115),0.885230 (0.805500 + 0.079730),0.889677 (0.810900 + 0.078777),0.881466 (0.801900 + 0.079566),0.886868 (0.807300 + 0.079568),0.877450 (0.798300 + 0.079150),0.878475 (0.799200 + 0.079275),0.874763 (0.795600 + 0.079163),0.867415 (0.787500 + 0.079916),0.894023 (0.814500 + 0.079523),0.870724 (0.791100 + 0.079624),0.882885 (0.803700 + 0.079185),0.889416 (0.810000 + 0.079417),0.880156 (0.801000 + 0.079156),0.879600 (0.800100 + 0.079500),0.870372 (0.791100 + 0.079272),0.891023 (0.811800 + 0.079223),0.887423 (0.808200 + 0.079223),0.886488 (0.807300 + 0.079188),0.871553 (0.792000 + 0.079553),0.879709 (0.800100 + 0.079609),0.881669 (0.802800 + 0.078869),0.879238 (0.801000 + 0.078238),0.888558 (0.809100 + 0.079458),0.878298 (0.799200 + 0.079097),0.886467 (0.807300 + 0.079167),0.891838 (0.812700 + 0.079138),0.873734 (0.794700 + 0.079034)
48,0.894868 (0.815400 + 0.079468),0.875461 (0.797400 + 0.078061),0.880406 (0.801000 + 0.079406),0.874725 (0.795600 + 0.079125),0.886233 (0.807300 + 0.078933),0.890879 (0.811800 + 0.079079),0.883487 (0.803700 + 0.079787),0.875166 (0.795600 + 0.079566),0.885230 (0.805500 + 0.079730),0.892047 (0.812700 + 0.079347),0.889504 (0.810000 + 0.079504),0.891027 (0.811800 + 0.079227),0.874475 (0.795600 + 0.078875),0.893726 (0.814500 + 0.079226),0.880098 (0.801000 + 0.079098),0.877450 (0.798300 + 0.079150),0.888985 (0.810000 + 0.078985),0.879073 (0.800100 + 0.078973),0.877752 (0.799200 + 0.078552),0.891027 (0.811800 + 0.079227),0.871044 (0.792000 + 0.079044),0.878356 (0.799200 + 0.079156),0.890285 (0.810900 + 0.079385),0.872744 (0.793800 + 0.078944),0.873263 (0.793800 + 0.079463),0.879247 (0.800100 + 0.079147),0.881915 (0.802800 + 0.079115),0.885230 (0.805500 + 0.079730),0.881792 (0.802800 + 0.078992),0.885387 (0.806400 + 0.078987),0.897353 (0.818100 + 0.079253),0.872987 (0.793800 + 0.079187),0.879317 (0.800100 + 0.079217),0.876683 (0.797400 + 0.079283),0.861304 (0.782100 + 0.079204),0.863676 (0.784800 + 0.078876),0.879709 (0.800100 + 0.079609),0.874390 (0.795600 + 0.078790),0.884831 (0.805500 + 0.079331),0.880282 (0.801000 + 0.079282),0.870953 (0.792000 + 0.078953),0.886429 (0.807300 + 0.079129),0.885663 (0.806400 + 0.079263),0.883941 (0.804600 + 0.079341),0.893152 (0.813600 + 0.079552),0.890183 (0.810900 + 0.079283),0.861616 (0.782100 + 0.079516),0.882832 (0.803700 + 0.079132),0.875095 (0.795600 + 0.079495),0.891064 (0.811800 + 0.079264)
49,0.897353 (0.818100 + 0.079253),0.892047 (0.812700 + 0.079347),0.879247 (0.800100 + 0.079147),0.869998 (0.791100 + 0.078898),0.886336 (0.807300 + 0.079036),0.886527 (0.807300 + 0.079227),0.887519 (0.808200 + 0.079319),0.879991 (0.801000 + 0.078991),0.879498 (0.800100 + 0.079398),0.878464 (0.799200 + 0.079264),0.887529 (0.808200 + 0.079329),0.878397 (0.799200 + 0.079197),0.886649 (0.807300 + 0.079349),0.872570 (0.793800 + 0.078770),0.868372 (0.789300 + 0.079072),0.880705 (0.801000 + 0.079705),0.883616 (0.804600 + 0.079016),0.890921 (0.811800 + 0.079121),0.893152 (0.813600 + 0.079552),0.885601 (0.806400 + 0.079201),0.879260 (0.800100 + 0.079160),0.884454 (0.805500 + 0.078954),0.886016 (0.806400 + 0.079616),0.875520 (0.796500 + 0.079020),0.894621 (0.816300 + 0.078321),0.881317 (0.802800 + 0.078517),0.888407 (0.809100 + 0.079307),0.886447 (0.807300 + 0.079147),0.891075 (0.811800 + 0.079275),0.884750 (0.805500 + 0.079250),0.882231 (0.802800 + 0.079431),0.884656 (0.805500 + 0.079156),0.861054 (0.782100 + 0.078954),0.885663 (0.806400 + 0.079263),0.877888 (0.799200 + 0.078688),0.877971 (0.798300 + 0.079671),0.865288 (0.786600 + 0.078688),0.875025 (0.795600 + 0.079425),0.875847 (0.796500 + 0.079347),0.893302 (0.814500 + 0.078802),0.889251 (0.810000 + 0.079251),0.862520 (0.783900 + 0.078620),0.875385 (0.796500 + 0.078885),0.872321 (0.793800 + 0.078521),0.871593 (0.792000 + 0.079593),0.868786 (0.789300 + 0.079486),0.894868 (0.815400 + 0.079468),0.879702 (0.801000 + 0.078702),0.891952 (0.812700 + 0.079252),0.879669 (0.800100 + 0.079569)
50,0.897353 (0.818100 + 0.079253),0.865842 (0.786600 + 0.079242),0.887864 (0.809100 + 0.078764),0.871490 (0.792000 + 0.079490),0.876680 (0.797400 + 0.079280),0.889597 (0.810000 + 0.079597),0.889154 (0.810000 + 0.079154),0.893302 (0.814500 + 0.078802),0.885712 (0.806400 + 0.079312),0.877907 (0.798300 + 0.079607),0.878071 (0.799200 + 0.078871),0.894023 (0.814500 + 0.079523),0.883875 (0.804600 + 0.079275),0.882967 (0.803700 + 0.079267),0.878854 (0.800100 + 0.078754),0.870853 (0.792000 + 0.078853),0.886958 (0.808200 + 0.078759),0.888358 (0.809100 + 0.079258),0.891126 (0.811800 + 0.079326),0.886766 (0.807300 + 0.079467),0.880111 (0.801000 + 0.079111),0.885663 (0.806400 + 0.079263),0.885663 (0.806400 + 0.079263),0.878521 (0.799200 + 0.079321),0.874524 (0.795600 + 0.078924),0.878003 (0.799200 + 0.078803),0.885601 (0.806400 + 0.079201),0.883511 (0.804600 + 0.078911),0.877859 (0.799200 + 0.078659),0.886472 (0.807300 + 0.079172),0.886750 (0.807300 + 0.079450),0.885601 (0.806400 + 0.079201),0.885618 (0.805500 + 0.080118),0.893152 (0.813600 + 0.079552),0.886447 (0.807300 + 0.079147),0.887005 (0.808200 + 0.078805),0.868016 (0.788400 + 0.079616),0.886296 (0.807300 + 0.078996),0.875780 (0.796500 + 0.079280),0.877146 (0.798300 + 0.078846),0.878173 (0.799200 + 0.078973),0.883691 (0.804600 + 0.079091),0.885712 (0.806400 + 0.079312),0.890921 (0.811800 + 0.079121),0.881699 (0.802800 + 0.078899),0.888736 (0.810000 + 0.078736),0.872373 (0.792900 + 0.079473),0.893302 (0.814500 + 0.078802),0.881330 (0.802800 + 0.078530),0.882822 (0.803700 + 0.079122)
