Generation,Entry1,Entry2,Entry3,Entry4,Entry5,Entry6,Entry7,Entry8,Entry9,Entry10,Entry11,Entry12,Entry13,Entry14,Entry15,Entry16,Entry17,Entry18,Entry19,Entry20,Entry21,Entry22,Entry23,Entry24,Entry25,Entry26,Entry27,Entry28,Entry29,Entry30,Entry31,Entry32,Entry33,Entry34,Entry35,Entry36,Entry37,Entry38,Entry39,Entry40,Entry41,Entry42,Entry43,Entry44,Entry45,Entry46,Entry47,Entry48,Entry49,Entry50,Entry51,Entry52,Entry53,Entry54,Entry55,Entry56,Entry57,Entry58,Entry59,Entry60,Entry61,Entry62,Entry63,Entry64,Entry65,Entry66,Entry67,Entry68,Entry69,Entry70,Entry71,Entry72,Entry73,Entry74,Entry75,Entry76,Entry77,Entry78,Entry79,Entry80,Entry81,Entry82,Entry83,Entry84,Entry85,Entry86,Entry87,Entry88,Entry89,Entry90,Entry91,Entry92,Entry93,Entry94,Entry95,Entry96,Entry97,Entry98,Entry99,Entry100
1,0.504500 (0.422100 + 0.082400),0.478600 (0.397800 + 0.080800),0.482700 (0.400500 + 0.082200),0.540600 (0.458100 + 0.082500),0.424200 (0.342900 + 0.081300),0.535400 (0.453600 + 0.081800),0.534100 (0.452700 + 0.081400),0.437500 (0.355500 + 0.082000),0.373400 (0.293400 + 0.080000),0.351500 (0.270000 + 0.081500),0.504800 (0.421200 + 0.083600),0.499800 (0.418500 + 0.081300),0.509700 (0.428400 + 0.081300),0.383700 (0.302400 + 0.081300),0.449000 (0.366300 + 0.082700),0.454000 (0.371700 + 0.082300),0.492300 (0.410400 + 0.081900),0.460100 (0.378900 + 0.081200),0.505900 (0.424800 + 0.081100),0.421700 (0.339300 + 0.082400),0.512000 (0.430200 + 0.081800),0.475300 (0.394200 + 0.081100),0.468800 (0.387000 + 0.081800),0.495300 (0.412200 + 0.083100),0.396900 (0.315000 + 0.081900),0.579400 (0.497700 + 0.081700),0.552500 (0.471600 + 0.080900),0.548200 (0.466200 + 0.082000),0.413700 (0.332100 + 0.081600),0.509700 (0.427500 + 0.082200),0.531200 (0.448200 + 0.083000),0.521300 (0.440100 + 0.081200),0.437000 (0.356400 + 0.080600),0.510500 (0.427500 + 0.083000),0.530600 (0.449100 + 0.081500),0.492800 (0.411300 + 0.081500),0.483300 (0.401400 + 0.081900),0.490400 (0.409500 + 0.080900),0.466600 (0.385200 + 0.081400),0.481700 (0.399600 + 0.082100),0.520600 (0.438300 + 0.082300),0.454700 (0.372600 + 0.082100),0.437100 (0.355500 + 0.081600),0.545600 (0.464400 + 0.081200),0.514400 (0.432900 + 0.081500),0.421900 (0.340200 + 0.081700),0.411600 (0.329400 + 0.082200),0.493300 (0.412200 + 0.081100),0.480800 (0.399600 + 0.081200),0.514300 (0.432900 + 0.081400),0.479300 (0.398700 + 0.080600),0.483800 (0.403200 + 0.080600),0.427100 (0.345600 + 0.081500),0.538300 (0.457200 + 0.081100),0.536000 (0.453600 + 0.082400),0.553700 (0.471600 + 0.082100),0.501800 (0.420300 + 0.081500),0.424100 (0.342000 + 0.082100),0.443100 (0.361800 + 0.081300),0.435600 (0.354600 + 0.081000),0.524300 (0.441900 + 0.082400),0.563500 (0.481500 + 0.082000),0.504000 (0.422100 + 0.081900),0.433500 (0.351000 + 0.082500),0.485200 (0.403200 + 0.082000),0.528900 (0.446400 + 0.082500),0.463000 (0.380700 + 0.082300),0.513400 (0.432000 + 0.081400),0.369700 (0.288900 + 0.080800),0.513900 (0.432000 + 0.081900),0.479200 (0.396900 + 0.082300),0.461300 (0.379800 + 0.081500),0.544900 (0.462600 + 0.082300),0.441900 (0.359100 + 0.082800),0.429900 (0.347400 + 0.082500),0.428400 (0.346500 + 0.081900),0.517000 (0.435600 + 0.081400),0.530300 (0.449100 + 0.081200),0.505900 (0.423900 + 0.082000),0.532300 (0.451800 + 0.080500),0.538800 (0.456300 + 0.082500),0.433000 (0.351000 + 0.082000),0.418000 (0.335700 + 0.082300),0.512800 (0.432000 + 0.080800),0.539000 (0.457200 + 0.081800),0.593400 (0.512100 + 0.081300),0.427000 (0.346500 + 0.080500),0.509400 (0.427500 + 0.081900),0.535800 (0.453600 + 0.082200),0.471700 (0.389700 + 0.082000),0.518100 (0.436500 + 0.081600),0.500900 (0.418500 + 0.082400),0.542500 (0.461700 + 0.080800),0.486600 (0.405000 + 0.081600),0.415400 (0.333900 + 0.081500),0.435500 (0.353700 + 0.081800),0.472700 (0.392400 + 0.080300),0.508300 (0.425700 + 0.082600),0.481200 (0.399600 + 0.081600),0.482100 (0.400500 + 0.081600)
2,0.601500 (0.520200 + 0.081300),0.470500 (0.388800 + 0.081700),0.460600 (0.378000 + 0.082600),0.505400 (0.423900 + 0.081500),0.540600 (0.459900 + 0.080700),0.605600 (0.523800 + 0.081800),0.547000 (0.465300 + 0.081700),0.410000 (0.328500 + 0.081500),0.538100 (0.456300 + 0.081800),0.538100 (0.456300 + 0.081800),0.512200 (0.430200 + 0.082000),0.527600 (0.444600 + 0.083000),0.480600 (0.398700 + 0.081900),0.570000 (0.487800 + 0.082200),0.396300 (0.314100 + 0.082200),0.490500 (0.408600 + 0.081900),0.480600 (0.399600 + 0.081000),0.520700 (0.439200 + 0.081500),0.479300 (0.398700 + 0.080600),0.504600 (0.423000 + 0.081600),0.495500 (0.414900 + 0.080600),0.469600 (0.387000 + 0.082600),0.486000 (0.405000 + 0.081000),0.654100 (0.571500 + 0.082600),0.501800 (0.418500 + 0.083300),0.494100 (0.412200 + 0.081900),0.604000 (0.522000 + 0.082000),0.509500 (0.427500 + 0.082000),0.589500 (0.506700 + 0.082800),0.392700 (0.311400 + 0.081300),0.523300 (0.441900 + 0.081400),0.456500 (0.374400 + 0.082100),0.565700 (0.484200 + 0.081500),0.484700 (0.404100 + 0.080600),0.546500 (0.465300 + 0.081200),0.552300 (0.469800 + 0.082500),0.350800 (0.270000 + 0.080800),0.451800 (0.369900 + 0.081900),0.501900 (0.420300 + 0.081600),0.506100 (0.424800 + 0.081300),0.521600 (0.441000 + 0.080600),0.551500 (0.470700 + 0.080800),0.470500 (0.387900 + 0.082600),0.551200 (0.469800 + 0.081400),0.495600 (0.414000 + 0.081600),0.488700 (0.406800 + 0.081900),0.507500 (0.425700 + 0.081800),0.557000 (0.475200 + 0.081800),0.548600 (0.466200 + 0.082400),0.500800 (0.419400 + 0.081400),0.519000 (0.438300 + 0.080700),0.568600 (0.486900 + 0.081700),0.450400 (0.369900 + 0.080500),0.475500 (0.394200 + 0.081300),0.472400 (0.389700 + 0.082700),0.543800 (0.461700 + 0.082100),0.559900 (0.476100 + 0.083800),0.581800 (0.501300 + 0.080500),0.536600 (0.453600 + 0.083000),0.571200 (0.488700 + 0.082500),0.437400 (0.357300 + 0.080100),0.446600 (0.365400 + 0.081200),0.424300 (0.342900 + 0.081400),0.505600 (0.423000 + 0.082600),0.427300 (0.345600 + 0.081700),0.506600 (0.423000 + 0.083600),0.500400 (0.418500 + 0.081900),0.525900 (0.443700 + 0.082200),0.493400 (0.412200 + 0.081200),0.502100 (0.421200 + 0.080900),0.436500 (0.354600 + 0.081900),0.483600 (0.402300 + 0.081300),0.440100 (0.359100 + 0.081000),0.537500 (0.456300 + 0.081200),0.510900 (0.428400 + 0.082500),0.519200 (0.438300 + 0.080900),0.531300 (0.450000 + 0.081300),0.534400 (0.453600 + 0.080800),0.483800 (0.402300 + 0.081500),0.487400 (0.405900 + 0.081500),0.492500 (0.410400 + 0.082100),0.509000 (0.426600 + 0.082400),0.501000 (0.419400 + 0.081600),0.461000 (0.378900 + 0.082100),0.494700 (0.413100 + 0.081600),0.532700 (0.450900 + 0.081800),0.470400 (0.387900 + 0.082500),0.577800 (0.496800 + 0.081000),0.507400 (0.423900 + 0.083500),0.480600 (0.400500 + 0.080100),0.532500 (0.450000 + 0.082500),0.629700 (0.548100 + 0.081600),0.466200 (0.385200 + 0.081000),0.492900 (0.412200 + 0.080700),0.471400 (0.388800 + 0.082600),0.513500 (0.432000 + 0.081500),0.551500 (0.469800 + 0.081700),0.563100 (0.480600 + 0.082500),0.562200 (0.480600 + 0.081600),0.495300 (0.413100 + 0.082200)
3,0.572200 (0.489600 + 0.082600),0.491800 (0.410400 + 0.081400),0.508200 (0.426600 + 0.081600),0.623500 (0.541800 + 0.081700),0.509000 (0.427500 + 0.081500),0.537600 (0.456300 + 0.081300),0.478500 (0.397800 + 0.080700),0.484100 (0.403200 + 0.080900),0.565200 (0.483300 + 0.081900),0.516500 (0.434700 + 0.081800),0.516700 (0.436500 + 0.080200),0.557600 (0.476100 + 0.081500),0.482600 (0.400500 + 0.082100),0.556300 (0.475200 + 0.081100),0.498600 (0.416700 + 0.081900),0.488800 (0.406800 + 0.082000),0.549200 (0.466200 + 0.083000),0.525800 (0.443700 + 0.082100),0.496100 (0.414900 + 0.081200),0.573300 (0.490500 + 0.082800),0.550100 (0.467100 + 0.083000),0.506900 (0.424800 + 0.082100),0.549400 (0.466200 + 0.083200),0.529100 (0.446400 + 0.082700),0.521900 (0.440100 + 0.081800),0.624800 (0.542700 + 0.082100),0.528700 (0.446400 + 0.082300),0.452800 (0.370800 + 0.082000),0.580200 (0.498600 + 0.081600),0.523800 (0.441900 + 0.081900),0.501600 (0.419400 + 0.082200),0.536500 (0.454500 + 0.082000),0.449100 (0.367200 + 0.081900),0.546800 (0.465300 + 0.081500),0.504200 (0.423000 + 0.081200),0.508600 (0.426600 + 0.082000),0.519400 (0.438300 + 0.081100),0.510400 (0.429300 + 0.081100),0.619500 (0.538200 + 0.081300),0.526700 (0.446400 + 0.080300),0.510300 (0.428400 + 0.081900),0.570000 (0.487800 + 0.082200),0.480300 (0.398700 + 0.081600),0.496400 (0.414000 + 0.082400),0.556600 (0.476100 + 0.080500),0.518700 (0.437400 + 0.081300),0.475300 (0.392400 + 0.082900),0.551100 (0.468900 + 0.082200),0.500600 (0.419400 + 0.081200),0.516300 (0.435600 + 0.080700),0.578000 (0.495900 + 0.082100),0.543700 (0.461700 + 0.082000),0.570000 (0.487800 + 0.082200),0.455100 (0.374400 + 0.080700),0.602500 (0.521100 + 0.081400),0.485300 (0.403200 + 0.082100),0.475500 (0.394200 + 0.081300),0.617000 (0.534600 + 0.082400),0.552900 (0.471600 + 0.081300),0.547400 (0.465300 + 0.082100),0.503200 (0.421200 + 0.082000),0.508700 (0.426600 + 0.082100),0.509300 (0.428400 + 0.080900),0.495900 (0.414900 + 0.081000),0.527300 (0.443700 + 0.083600),0.449900 (0.368100 + 0.081800),0.464100 (0.382500 + 0.081600),0.509700 (0.428400 + 0.081300),0.521600 (0.441000 + 0.080600),0.544800 (0.462600 + 0.082200),0.489000 (0.406800 + 0.082200),0.509900 (0.428400 + 0.081500),0.534600 (0.452700 + 0.081900),0.589500 (0.507600 + 0.081900),0.543000 (0.459900 + 0.083100),0.532100 (0.450000 + 0.082100),0.464900 (0.382500 + 0.082400),0.517100 (0.434700 + 0.082400),0.602000 (0.520200 + 0.081800),0.570700 (0.488700 + 0.082000),0.604700 (0.522900 + 0.081800),0.605000 (0.522900 + 0.082100),0.484100 (0.402300 + 0.081800),0.510200 (0.428400 + 0.081800),0.533300 (0.451800 + 0.081500),0.583000 (0.501300 + 0.081700),0.461000 (0.379800 + 0.081200),0.515500 (0.433800 + 0.081700),0.563400 (0.480600 + 0.082800),0.510200 (0.428400 + 0.081800),0.495300 (0.414000 + 0.081300),0.592000 (0.509400 + 0.082600),0.497400 (0.414000 + 0.083400),0.466000 (0.384300 + 0.081700),0.523000 (0.441900 + 0.081100),0.549100 (0.468000 + 0.081100),0.491200 (0.408600 + 0.082600),0.524900 (0.443700 + 0.081200),0.560300 (0.478800 + 0.081500),0.616200 (0.534600 + 0.081600)
4,0.576200 (0.494100 + 0.082100),0.552200 (0.470700 + 0.081500),0.548000 (0.466200 + 0.081800),0.557000 (0.476100 + 0.080900),0.566100 (0.485100 + 0.081000),0.625600 (0.543600 + 0.082000),0.569600 (0.486900 + 0.082700),0.582300 (0.499500 + 0.082800),0.526700 (0.444600 + 0.082100),0.511400 (0.428400 + 0.083000),0.497900 (0.415800 + 0.082100),0.539500 (0.458100 + 0.081400),0.593000 (0.511200 + 0.081800),0.645300 (0.563400 + 0.081900),0.505100 (0.423000 + 0.082100),0.576700 (0.495900 + 0.080800),0.551400 (0.468900 + 0.082500),0.595900 (0.514800 + 0.081100),0.554600 (0.473400 + 0.081200),0.487700 (0.405000 + 0.082700),0.520300 (0.438300 + 0.082000),0.575200 (0.493200 + 0.082000),0.556700 (0.474300 + 0.082400),0.533000 (0.450900 + 0.082100),0.577600 (0.495900 + 0.081700),0.613600 (0.531900 + 0.081700),0.582000 (0.500400 + 0.081600),0.545300 (0.463500 + 0.081800),0.549500 (0.468900 + 0.080600),0.570700 (0.489600 + 0.081100),0.451400 (0.369000 + 0.082400),0.557600 (0.476100 + 0.081500),0.573300 (0.491400 + 0.081900),0.508600 (0.426600 + 0.082000),0.551300 (0.469800 + 0.081500),0.652900 (0.571500 + 0.081400),0.499700 (0.418500 + 0.081200),0.531700 (0.450000 + 0.081700),0.526500 (0.443700 + 0.082800),0.519500 (0.437400 + 0.082100),0.518000 (0.437400 + 0.080600),0.530100 (0.448200 + 0.081900),0.529500 (0.448200 + 0.081300),0.492800 (0.409500 + 0.083300),0.561900 (0.479700 + 0.082200),0.552700 (0.470700 + 0.082000),0.580500 (0.498600 + 0.081900),0.649700 (0.568800 + 0.080900),0.598600 (0.516600 + 0.082000),0.521800 (0.440100 + 0.081700),0.515800 (0.434700 + 0.081100),0.558500 (0.477000 + 0.081500),0.493300 (0.412200 + 0.081100),0.496100 (0.414900 + 0.081200),0.467000 (0.385200 + 0.081800),0.569500 (0.486900 + 0.082600),0.475800 (0.394200 + 0.081600),0.482500 (0.400500 + 0.082000),0.614700 (0.531900 + 0.082800),0.552300 (0.470700 + 0.081600),0.640400 (0.558900 + 0.081500),0.601700 (0.520200 + 0.081500),0.584400 (0.502200 + 0.082200),0.556100 (0.474300 + 0.081800),0.505100 (0.423000 + 0.082100),0.521900 (0.441000 + 0.080900),0.568100 (0.486000 + 0.082100),0.620200 (0.537300 + 0.082900),0.584900 (0.503100 + 0.081800),0.507900 (0.426600 + 0.081300),0.641300 (0.558900 + 0.082400),0.618800 (0.536400 + 0.082400),0.582500 (0.501300 + 0.081200),0.552300 (0.470700 + 0.081600),0.551600 (0.468900 + 0.082700),0.613000 (0.531000 + 0.082000),0.553300 (0.471600 + 0.081700),0.496600 (0.414900 + 0.081700),0.561500 (0.479700 + 0.081800),0.564000 (0.482400 + 0.081600),0.549500 (0.468000 + 0.081500),0.622300 (0.540900 + 0.081400),0.536100 (0.454500 + 0.081600),0.447100 (0.365400 + 0.081700),0.537400 (0.455400 + 0.082000),0.571800 (0.489600 + 0.082200),0.493200 (0.411300 + 0.081900),0.619000 (0.537300 + 0.081700),0.562600 (0.480600 + 0.082000),0.610100 (0.527400 + 0.082700),0.578900 (0.496800 + 0.082100),0.557600 (0.474300 + 0.083300),0.587400 (0.505800 + 0.081600),0.545800 (0.464400 + 0.081400),0.543300 (0.462600 + 0.080700),0.529100 (0.448200 + 0.080900),0.519100 (0.437400 + 0.081700),0.547100 (0.466200 + 0.080900),0.644300 (0.561600 + 0.082700),0.675500 (0.593100 + 0.082400)
5,0.678200 (0.595800 + 0.082400),0.443500 (0.360000 + 0.083500),0.547700 (0.466200 + 0.081500),0.545700 (0.464400 + 0.081300),0.552800 (0.470700 + 0.082100),0.630700 (0.548100 + 0.082600),0.552300 (0.469800 + 0.082500),0.540100 (0.458100 + 0.082000),0.531500 (0.450000 + 0.081500),0.555000 (0.474300 + 0.080700),0.588500 (0.506700 + 0.081800),0.596300 (0.513900 + 0.082400),0.605200 (0.522900 + 0.082300),0.515700 (0.434700 + 0.081000),0.461600 (0.380700 + 0.080900),0.610600 (0.528300 + 0.082300),0.487600 (0.405000 + 0.082600),0.583500 (0.502200 + 0.081300),0.603000 (0.520200 + 0.082800),0.551300 (0.469800 + 0.081500),0.618700 (0.536400 + 0.082300),0.589100 (0.506700 + 0.082400),0.575200 (0.493200 + 0.082000),0.494000 (0.413100 + 0.080900),0.691100 (0.608400 + 0.082700),0.538100 (0.455400 + 0.082700),0.654400 (0.572400 + 0.082000),0.586700 (0.504000 + 0.082700),0.590300 (0.507600 + 0.082700),0.575200 (0.493200 + 0.082000),0.535400 (0.453600 + 0.081800),0.527600 (0.445500 + 0.082100),0.507800 (0.426600 + 0.081200),0.635400 (0.552600 + 0.082800),0.569500 (0.486900 + 0.082600),0.562500 (0.479700 + 0.082800),0.527200 (0.446400 + 0.080800),0.612200 (0.530100 + 0.082100),0.522100 (0.440100 + 0.082000),0.561200 (0.478800 + 0.082400),0.611500 (0.530100 + 0.081400),0.547100 (0.465300 + 0.081800),0.561600 (0.478800 + 0.082800),0.603900 (0.522000 + 0.081900),0.526600 (0.444600 + 0.082000),0.620600 (0.540000 + 0.080600),0.545700 (0.463500 + 0.082200),0.499300 (0.417600 + 0.081700),0.471900 (0.390600 + 0.081300),0.605700 (0.523800 + 0.081900),0.556200 (0.473400 + 0.082800),0.444100 (0.362700 + 0.081400),0.548000 (0.468000 + 0.080000),0.503900 (0.422100 + 0.081800),0.558800 (0.477900 + 0.080900),0.592300 (0.510300 + 0.082000),0.592300 (0.510300 + 0.082000),0.559700 (0.477900 + 0.081800),0.591300 (0.510300 + 0.081000),0.570200 (0.488700 + 0.081500),0.518900 (0.437400 + 0.081500),0.589200 (0.507600 + 0.081600),0.552700 (0.470700 + 0.082000),0.598200 (0.516600 + 0.081600),0.540800 (0.459900 + 0.080900),0.515200 (0.432900 + 0.082300),0.545900 (0.463500 + 0.082400),0.503700 (0.422100 + 0.081600),0.533800 (0.450900 + 0.082900),0.596500 (0.513900 + 0.082600),0.532200 (0.450000 + 0.082200),0.598800 (0.516600 + 0.082200),0.629600 (0.547200 + 0.082400),0.517300 (0.435600 + 0.081700),0.529300 (0.447300 + 0.082000),0.601600 (0.520200 + 0.081400),0.601600 (0.520200 + 0.081400),0.579000 (0.498600 + 0.080400),0.665400 (0.583200 + 0.082200),0.570200 (0.488700 + 0.081500),0.540600 (0.459000 + 0.081600),0.611000 (0.531000 + 0.080000),0.409500 (0.326700 + 0.082800),0.601600 (0.520200 + 0.081400),0.527100 (0.445500 + 0.081600),0.587300 (0.504900 + 0.082400),0.538100 (0.456300 + 0.081800),0.556200 (0.473400 + 0.082800),0.475400 (0.393300 + 0.082100),0.678200 (0.595800 + 0.082400),0.678200 (0.595800 + 0.082400),0.512900 (0.432000 + 0.080900),0.541700 (0.459900 + 0.081800),0.624600 (0.544500 + 0.080100),0.560400 (0.478800 + 0.081600),0.494300 (0.412200 + 0.082100),0.655200 (0.573300 + 0.081900),0.606300 (0.524700 + 0.081600),0.491700 (0.410400 + 0.081300),0.546700 (0.466200 + 0.080500)
6,0.684800 (0.602100 + 0.082700),0.713300 (0.630900 + 0.082400),0.652500 (0.570600 + 0.081900),0.702900 (0.621000 + 0.081900),0.621100 (0.539100 + 0.082000),0.663400 (0.580500 + 0.082900),0.641100 (0.559800 + 0.081300),0.534700 (0.453600 + 0.081100),0.627300 (0.547200 + 0.080100),0.545400 (0.463500 + 0.081900),0.586600 (0.504900 + 0.081700),0.651100 (0.570600 + 0.080500),0.480100 (0.398700 + 0.081400),0.660500 (0.577800 + 0.082700),0.589100 (0.506700 + 0.082400),0.625400 (0.542700 + 0.082700),0.591400 (0.510300 + 0.081100),0.472900 (0.390600 + 0.082300),0.654100 (0.572400 + 0.081700),0.537200 (0.454500 + 0.082700),0.545900 (0.464400 + 0.081500),0.587900 (0.506700 + 0.081200),0.553300 (0.471600 + 0.081700),0.518600 (0.436500 + 0.082100),0.616200 (0.535500 + 0.080700),0.645800 (0.563400 + 0.082400),0.584100 (0.502200 + 0.081900),0.582800 (0.502200 + 0.080600),0.554600 (0.472500 + 0.082100),0.603000 (0.520200 + 0.082800),0.595700 (0.513900 + 0.081800),0.597700 (0.517500 + 0.080200),0.540300 (0.458100 + 0.082200),0.592800 (0.510300 + 0.082500),0.644900 (0.563400 + 0.081500),0.627100 (0.544500 + 0.082600),0.560000 (0.477900 + 0.082100),0.596900 (0.515700 + 0.081200),0.499200 (0.417600 + 0.081600),0.610200 (0.527400 + 0.082800),0.556800 (0.475200 + 0.081600),0.650400 (0.567900 + 0.082500),0.545900 (0.463500 + 0.082400),0.509400 (0.426600 + 0.082800),0.653200 (0.570600 + 0.082600),0.706100 (0.623700 + 0.082400),0.583900 (0.501300 + 0.082600),0.603400 (0.521100 + 0.082300),0.679500 (0.596700 + 0.082800),0.667700 (0.585000 + 0.082700),0.616400 (0.533700 + 0.082700),0.591900 (0.509400 + 0.082500),0.703600 (0.621000 + 0.082600),0.546000 (0.464400 + 0.081600),0.600600 (0.520200 + 0.080400),0.524100 (0.441900 + 0.082200),0.596300 (0.514800 + 0.081500),0.569500 (0.486900 + 0.082600),0.703600 (0.621000 + 0.082600),0.619400 (0.536400 + 0.083000),0.633600 (0.551700 + 0.081900),0.665500 (0.584100 + 0.081400),0.627900 (0.545400 + 0.082500),0.455800 (0.374400 + 0.081400),0.616100 (0.532800 + 0.083300),0.613900 (0.531900 + 0.082000),0.580900 (0.498600 + 0.082300),0.603800 (0.521100 + 0.082700),0.671600 (0.589500 + 0.082100),0.586200 (0.504000 + 0.082200),0.482900 (0.400500 + 0.082400),0.546300 (0.465300 + 0.081000),0.679600 (0.598500 + 0.081100),0.614000 (0.531900 + 0.082100),0.611400 (0.529200 + 0.082200),0.619900 (0.537300 + 0.082600),0.683600 (0.601200 + 0.082400),0.590100 (0.507600 + 0.082500),0.629600 (0.547200 + 0.082400),0.598000 (0.514800 + 0.083200),0.637800 (0.556200 + 0.081600),0.560900 (0.478800 + 0.082100),0.531800 (0.449100 + 0.082700),0.566000 (0.484200 + 0.081800),0.560400 (0.477900 + 0.082500),0.571300 (0.489600 + 0.081700),0.453600 (0.372600 + 0.081000),0.532000 (0.450900 + 0.081100),0.539500 (0.457200 + 0.082300),0.589400 (0.506700 + 0.082700),0.646200 (0.564300 + 0.081900),0.597900 (0.515700 + 0.082200),0.625600 (0.544500 + 0.081100),0.572000 (0.489600 + 0.082400),0.469300 (0.387000 + 0.082300),0.540600 (0.459000 + 0.081600),0.613700 (0.531900 + 0.081800),0.477100 (0.395100 + 0.082000),0.586800 (0.504900 + 0.081900),0.498200 (0.415800 + 0.082400)
7,0.712400 (0.630000 + 0.082400),0.657300 (0.575100 + 0.082200),0.634900 (0.552600 + 0.082300),0.631300 (0.549000 + 0.082300),0.680700 (0.598500 + 0.082200),0.665500 (0.582300 + 0.083200),0.596600 (0.513900 + 0.082700),0.627500 (0.545400 + 0.082100),0.715200 (0.632700 + 0.082500),0.611700 (0.530100 + 0.081600),0.655700 (0.573300 + 0.082400),0.655700 (0.573300 + 0.082400),0.671100 (0.588600 + 0.082500),0.564500 (0.482400 + 0.082100),0.693100 (0.611100 + 0.082000),0.645000 (0.562500 + 0.082500),0.644300 (0.562500 + 0.081800),0.590400 (0.509400 + 0.081000),0.720600 (0.638100 + 0.082500),0.688400 (0.606600 + 0.081800),0.592600 (0.510300 + 0.082300),0.610800 (0.528300 + 0.082500),0.626200 (0.544500 + 0.081700),0.656500 (0.574200 + 0.082300),0.499900 (0.418500 + 0.081400),0.594500 (0.512100 + 0.082400),0.608200 (0.525600 + 0.082600),0.662700 (0.580500 + 0.082200),0.637600 (0.557100 + 0.080500),0.608500 (0.525600 + 0.082900),0.676100 (0.594000 + 0.082100),0.718800 (0.636300 + 0.082500),0.711400 (0.629100 + 0.082300),0.630500 (0.549000 + 0.081500),0.610900 (0.528300 + 0.082600),0.630900 (0.549000 + 0.081900),0.645700 (0.562500 + 0.083200),0.613100 (0.531000 + 0.082100),0.629000 (0.547200 + 0.081800),0.678600 (0.596700 + 0.081900),0.579200 (0.497700 + 0.081500),0.659500 (0.576900 + 0.082600),0.589300 (0.507600 + 0.081700),0.638300 (0.555300 + 0.083000),0.673500 (0.591300 + 0.082200),0.710100 (0.628200 + 0.081900),0.633500 (0.551700 + 0.081800),0.654700 (0.573300 + 0.081400),0.589400 (0.507600 + 0.081800),0.612300 (0.530100 + 0.082200),0.720800 (0.638100 + 0.082700),0.593400 (0.512100 + 0.081300),0.570700 (0.488700 + 0.082000),0.631900 (0.550800 + 0.081100),0.678700 (0.596700 + 0.082000),0.693100 (0.611100 + 0.082000),0.579300 (0.497700 + 0.081600),0.662400 (0.580500 + 0.081900),0.616500 (0.533700 + 0.082800),0.694200 (0.611100 + 0.083100),0.603400 (0.521100 + 0.082300),0.681500 (0.599400 + 0.082100),0.639700 (0.558900 + 0.080800),0.643000 (0.560700 + 0.082300),0.666700 (0.584100 + 0.082600),0.713500 (0.630900 + 0.082600),0.606800 (0.524700 + 0.082100),0.594700 (0.512100 + 0.082600),0.550200 (0.468900 + 0.081300),0.617100 (0.535500 + 0.081600),0.657100 (0.575100 + 0.082000),0.620500 (0.539100 + 0.081400),0.580600 (0.499500 + 0.081100),0.690600 (0.608400 + 0.082200),0.556500 (0.474300 + 0.082200),0.602300 (0.520200 + 0.082100),0.571000 (0.487800 + 0.083200),0.608000 (0.527400 + 0.080600),0.612500 (0.529200 + 0.083300),0.659500 (0.576900 + 0.082600),0.623900 (0.541800 + 0.082100),0.591000 (0.508500 + 0.082500),0.645900 (0.563400 + 0.082500),0.625000 (0.543600 + 0.081400),0.637500 (0.554400 + 0.083100),0.658700 (0.576000 + 0.082700),0.590000 (0.509400 + 0.080600),0.622700 (0.540900 + 0.081800),0.637500 (0.555300 + 0.082200),0.610800 (0.528300 + 0.082500),0.675700 (0.592200 + 0.083500),0.645300 (0.563400 + 0.081900),0.596900 (0.515700 + 0.081200),0.657900 (0.575100 + 0.082800),0.643200 (0.560700 + 0.082500),0.631000 (0.549000 + 0.082000),0.675600 (0.593100 + 0.082500),0.629000 (0.547200 + 0.081800),0.633200 (0.551700 + 0.081500),0.692100 (0.610200 + 0.081900)
8,0.701900 (0.619200 + 0.082700),0.626000 (0.543600 + 0.082400),0.623400 (0.541800 + 0.081600),0.672000 (0.589500 + 0.082500),0.647100 (0.564300 + 0.082800),0.637900 (0.556200 + 0.081700),0.700800 (0.618300 + 0.082500),0.600200 (0.519300 + 0.080900),0.542100 (0.459900 + 0.082200),0.652400 (0.570600 + 0.081800),0.660800 (0.578700 + 0.082100),0.654600 (0.573300 + 0.081300),0.585500 (0.503100 + 0.082400),0.683700 (0.601200 + 0.082500),0.675800 (0.593100 + 0.082700),0.616600 (0.535500 + 0.081100),0.593800 (0.511200 + 0.082600),0.639500 (0.558000 + 0.081500),0.587400 (0.504900 + 0.082500),0.624000 (0.541800 + 0.082200),0.655300 (0.572400 + 0.082900),0.705300 (0.622800 + 0.082500),0.604800 (0.522900 + 0.081900),0.622500 (0.540900 + 0.081600),0.690800 (0.608400 + 0.082400),0.617400 (0.535500 + 0.081900),0.669600 (0.586800 + 0.082800),0.639400 (0.558000 + 0.081400),0.594900 (0.513000 + 0.081900),0.629400 (0.547200 + 0.082200),0.649100 (0.567900 + 0.081200),0.649200 (0.567000 + 0.082200),0.600400 (0.518400 + 0.082000),0.616400 (0.534600 + 0.081800),0.631300 (0.548100 + 0.083200),0.606400 (0.523800 + 0.082600),0.697300 (0.616500 + 0.080800),0.651300 (0.569700 + 0.081600),0.618800 (0.536400 + 0.082400),0.654900 (0.573300 + 0.081600),0.514000 (0.432000 + 0.082000),0.640300 (0.558000 + 0.082300),0.717700 (0.635400 + 0.082300),0.623700 (0.541800 + 0.081900),0.670800 (0.588600 + 0.082200),0.650800 (0.568800 + 0.082000),0.674000 (0.592200 + 0.081800),0.653700 (0.571500 + 0.082200),0.615000 (0.532800 + 0.082200),0.607100 (0.523800 + 0.083300),0.585000 (0.502200 + 0.082800),0.616800 (0.534600 + 0.082200),0.624800 (0.543600 + 0.081200),0.625500 (0.543600 + 0.081900),0.650000 (0.567900 + 0.082100),0.690700 (0.608400 + 0.082300),0.673000 (0.591300 + 0.081700),0.696900 (0.612900 + 0.084000),0.524700 (0.442800 + 0.081900),0.680200 (0.597600 + 0.082600),0.622200 (0.540000 + 0.082200),0.684600 (0.602100 + 0.082500),0.690800 (0.608400 + 0.082400),0.582800 (0.501300 + 0.081500),0.664800 (0.582300 + 0.082500),0.660000 (0.576900 + 0.083100),0.652000 (0.569700 + 0.082300),0.678300 (0.595800 + 0.082500),0.666000 (0.584100 + 0.081900),0.578200 (0.496800 + 0.081400),0.639400 (0.558000 + 0.081400),0.689900 (0.608400 + 0.081500),0.630600 (0.549000 + 0.081600),0.692400 (0.609300 + 0.083100),0.694500 (0.612000 + 0.082500),0.680000 (0.597600 + 0.082400),0.640300 (0.558000 + 0.082300),0.630700 (0.548100 + 0.082600),0.650900 (0.569700 + 0.081200),0.716900 (0.634500 + 0.082400),0.605300 (0.523800 + 0.081500),0.627900 (0.547200 + 0.080700),0.619700 (0.537300 + 0.082400),0.627100 (0.544500 + 0.082600),0.652300 (0.570600 + 0.081700),0.687100 (0.604800 + 0.082300),0.671800 (0.589500 + 0.082300),0.641500 (0.558900 + 0.082600),0.524600 (0.442800 + 0.081800),0.667600 (0.585900 + 0.081700),0.704400 (0.621900 + 0.082500),0.581100 (0.500400 + 0.080700),0.637300 (0.555300 + 0.082000),0.604800 (0.522900 + 0.081900),0.614500 (0.532800 + 0.081700),0.642600 (0.560700 + 0.081900),0.695600 (0.612900 + 0.082700),0.657900 (0.576000 + 0.081900),0.717700 (0.635400 + 0.082300),0.667800 (0.585900 + 0.081900)
9,0.704200 (0.621900 + 0.082300),0.608900 (0.525600 + 0.083300),0.646600 (0.565200 + 0.081400),0.674000 (0.591300 + 0.082700),0.654900 (0.572400 + 0.082500),0.700400 (0.617400 + 0.083000),0.658000 (0.576000 + 0.082000),0.686300 (0.603900 + 0.082400),0.653900 (0.570600 + 0.083300),0.671100 (0.588600 + 0.082500),0.646600 (0.565200 + 0.081400),0.646000 (0.564300 + 0.081700),0.617800 (0.536400 + 0.081400),0.678200 (0.595800 + 0.082400),0.582100 (0.499500 + 0.082600),0.704200 (0.621900 + 0.082300),0.617800 (0.536400 + 0.081400),0.609800 (0.527400 + 0.082400),0.675000 (0.592200 + 0.082800),0.685600 (0.603000 + 0.082600),0.622300 (0.540900 + 0.081400),0.693400 (0.611100 + 0.082300),0.649400 (0.567000 + 0.082400),0.644200 (0.563400 + 0.080800),0.664800 (0.582300 + 0.082500),0.680500 (0.598500 + 0.082000),0.672500 (0.590400 + 0.082100),0.676000 (0.593100 + 0.082900),0.696500 (0.613800 + 0.082700),0.678900 (0.597600 + 0.081300),0.635800 (0.554400 + 0.081400),0.576100 (0.494100 + 0.082000),0.697400 (0.615600 + 0.081800),0.669400 (0.586800 + 0.082600),0.659800 (0.577800 + 0.082000),0.647400 (0.565200 + 0.082200),0.662000 (0.579600 + 0.082400),0.630300 (0.549900 + 0.080400),0.602600 (0.520200 + 0.082400),0.635900 (0.553500 + 0.082400),0.676900 (0.594000 + 0.082900),0.639900 (0.558000 + 0.081900),0.645200 (0.563400 + 0.081800),0.703600 (0.621000 + 0.082600),0.676800 (0.594900 + 0.081900),0.680800 (0.598500 + 0.082300),0.674700 (0.592200 + 0.082500),0.696000 (0.614700 + 0.081300),0.680600 (0.598500 + 0.082100),0.651000 (0.568800 + 0.082200),0.704800 (0.621900 + 0.082900),0.601800 (0.520200 + 0.081600),0.687000 (0.605700 + 0.081300),0.638400 (0.556200 + 0.082200),0.647100 (0.565200 + 0.081900),0.653100 (0.571500 + 0.081600),0.629100 (0.546300 + 0.082800),0.666000 (0.583200 + 0.082800),0.646000 (0.564300 + 0.081700),0.584600 (0.503100 + 0.081500),0.666100 (0.583200 + 0.082900),0.738600 (0.656100 + 0.082500),0.621200 (0.539100 + 0.082100),0.697200 (0.614700 + 0.082500),0.704200 (0.621900 + 0.082300),0.642100 (0.559800 + 0.082300),0.600200 (0.518400 + 0.081800),0.630400 (0.549000 + 0.081400),0.695300 (0.612900 + 0.082400),0.643500 (0.561600 + 0.081900),0.632100 (0.549900 + 0.082200),0.644500 (0.562500 + 0.082000),0.629900 (0.547200 + 0.082700),0.640500 (0.559800 + 0.080700),0.698000 (0.615600 + 0.082400),0.641500 (0.559800 + 0.081700),0.661000 (0.577800 + 0.083200),0.659700 (0.576900 + 0.082800),0.654700 (0.572400 + 0.082300),0.632700 (0.550800 + 0.081900),0.667600 (0.585000 + 0.082600),0.672500 (0.590400 + 0.082100),0.666000 (0.583200 + 0.082800),0.667300 (0.585000 + 0.082300),0.659000 (0.576900 + 0.082100),0.491500 (0.409500 + 0.082000),0.595700 (0.513000 + 0.082700),0.661000 (0.577800 + 0.083200),0.679700 (0.598500 + 0.081200),0.654200 (0.571500 + 0.082700),0.620900 (0.538200 + 0.082700),0.624700 (0.542700 + 0.082000),0.664900 (0.582300 + 0.082600),0.664300 (0.582300 + 0.082000),0.684800 (0.602100 + 0.082700),0.683800 (0.601200 + 0.082600),0.627100 (0.544500 + 0.082600),0.709900 (0.626400 + 0.083500),0.644600 (0.563400 + 0.081200),0.657300 (0.576000 + 0.081300)
10,0.742200 (0.659700 + 0.082500),0.644600 (0.562500 + 0.082100),0.680200 (0.597600 + 0.082600),0.711400 (0.629100 + 0.082300),0.583900 (0.501300 + 0.082600),0.631300 (0.549000 + 0.082300),0.671600 (0.589500 + 0.082100),0.733300 (0.650700 + 0.082600),0.633900 (0.551700 + 0.082200),0.687500 (0.604800 + 0.082700),0.688300 (0.605700 + 0.082600),0.708100 (0.625500 + 0.082600),0.679800 (0.596700 + 0.083100),0.677700 (0.594900 + 0.082800),0.654900 (0.572400 + 0.082500),0.511200 (0.431100 + 0.080100),0.669700 (0.586800 + 0.082900),0.708600 (0.626400 + 0.082200),0.674200 (0.591300 + 0.082900),0.659500 (0.576900 + 0.082600),0.682100 (0.599400 + 0.082700),0.649400 (0.567900 + 0.081500),0.641000 (0.558900 + 0.082100),0.666400 (0.584100 + 0.082300),0.666600 (0.585000 + 0.081600),0.688900 (0.606600 + 0.082300),0.679000 (0.595800 + 0.083200),0.711400 (0.629100 + 0.082300),0.711400 (0.629100 + 0.082300),0.694800 (0.612000 + 0.082800),0.725500 (0.643500 + 0.082000),0.607800 (0.525600 + 0.082200),0.717200 (0.634500 + 0.082700),0.685200 (0.603000 + 0.082200),0.698500 (0.616500 + 0.082000),0.649900 (0.567000 + 0.082900),0.585900 (0.504000 + 0.081900),0.684500 (0.602100 + 0.082400),0.648300 (0.566100 + 0.082200),0.725000 (0.642600 + 0.082400),0.648900 (0.566100 + 0.082800),0.653900 (0.571500 + 0.082400),0.645000 (0.564300 + 0.080700),0.693500 (0.611100 + 0.082400),0.663900 (0.581400 + 0.082500),0.669600 (0.586800 + 0.082800),0.675800 (0.593100 + 0.082700),0.687300 (0.604800 + 0.082500),0.684000 (0.601200 + 0.082800),0.672900 (0.591300 + 0.081600),0.697700 (0.615600 + 0.082100),0.651800 (0.568800 + 0.083000),0.671700 (0.589500 + 0.082200),0.650900 (0.568800 + 0.082100),0.660500 (0.578700 + 0.081800),0.689100 (0.606600 + 0.082500),0.623000 (0.541800 + 0.081200),0.617900 (0.535500 + 0.082400),0.657700 (0.576000 + 0.081700),0.693400 (0.610200 + 0.083200),0.646300 (0.564300 + 0.082000),0.560200 (0.477900 + 0.082300),0.669200 (0.586800 + 0.082400),0.672000 (0.589500 + 0.082500),0.674300 (0.592200 + 0.082100),0.691600 (0.609300 + 0.082300),0.651700 (0.569700 + 0.082000),0.664800 (0.584100 + 0.080700),0.635800 (0.553500 + 0.082300),0.660400 (0.577800 + 0.082600),0.612400 (0.531000 + 0.081400),0.719200 (0.635400 + 0.083800),0.670800 (0.588600 + 0.082200),0.616600 (0.533700 + 0.082900),0.726400 (0.644400 + 0.082000),0.737700 (0.655200 + 0.082500),0.643300 (0.560700 + 0.082600),0.701300 (0.619200 + 0.082100),0.691800 (0.609300 + 0.082500),0.683000 (0.600300 + 0.082700),0.642900 (0.560700 + 0.082200),0.646700 (0.565200 + 0.081500),0.643200 (0.560700 + 0.082500),0.641800 (0.559800 + 0.082000),0.688200 (0.605700 + 0.082500),0.660100 (0.576900 + 0.083200),0.660100 (0.576900 + 0.083200),0.677700 (0.594900 + 0.082800),0.669600 (0.588600 + 0.081000),0.720600 (0.638100 + 0.082500),0.610100 (0.528300 + 0.081800),0.700800 (0.619200 + 0.081600),0.593100 (0.510300 + 0.082800),0.649400 (0.567000 + 0.082400),0.682100 (0.599400 + 0.082700),0.614400 (0.531900 + 0.082500),0.690800 (0.608400 + 0.082400),0.690900 (0.608400 + 0.082500),0.668000 (0.585000 + 0.083000),0.669700 (0.586800 + 0.082900)
11,0.738600 (0.656100 + 0.082500),0.640100 (0.558000 + 0.082100),0.652700 (0.569700 + 0.083000),0.719500 (0.636300 + 0.083200),0.689700 (0.607500 + 0.082200),0.669100 (0.585900 + 0.083200),0.645400 (0.562500 + 0.082900),0.658900 (0.576900 + 0.082000),0.656500 (0.573300 + 0.083200),0.613100 (0.531000 + 0.082100),0.665800 (0.583200 + 0.082600),0.677600 (0.594900 + 0.082700),0.662200 (0.580500 + 0.081700),0.616000 (0.532800 + 0.083200),0.743400 (0.661500 + 0.081900),0.623400 (0.541800 + 0.081600),0.650000 (0.567900 + 0.082100),0.632600 (0.549900 + 0.082700),0.691900 (0.610200 + 0.081700),0.634500 (0.551700 + 0.082800),0.677100 (0.594900 + 0.082200),0.660000 (0.576900 + 0.083100),0.671100 (0.588600 + 0.082500),0.683400 (0.601200 + 0.082200),0.653000 (0.570600 + 0.082400),0.638300 (0.555300 + 0.083000),0.665400 (0.583200 + 0.082200),0.665200 (0.582300 + 0.082900),0.617100 (0.534600 + 0.082500),0.708700 (0.626400 + 0.082300),0.698400 (0.615600 + 0.082800),0.636500 (0.554400 + 0.082100),0.663600 (0.581400 + 0.082200),0.672700 (0.589500 + 0.083200),0.566700 (0.484200 + 0.082500),0.679100 (0.597600 + 0.081500),0.629500 (0.547200 + 0.082300),0.584000 (0.501300 + 0.082700),0.653100 (0.570600 + 0.082500),0.686000 (0.603900 + 0.082100),0.744700 (0.662400 + 0.082300),0.661700 (0.579600 + 0.082100),0.651000 (0.568800 + 0.082200),0.683600 (0.601200 + 0.082400),0.716800 (0.634500 + 0.082300),0.639500 (0.557100 + 0.082400),0.704000 (0.620100 + 0.083900),0.664500 (0.582300 + 0.082200),0.646600 (0.564300 + 0.082300),0.650900 (0.567900 + 0.083000),0.729200 (0.647100 + 0.082100),0.691500 (0.609300 + 0.082200),0.669900 (0.586800 + 0.083100),0.692700 (0.611100 + 0.081600),0.706200 (0.623700 + 0.082500),0.688000 (0.606600 + 0.081400),0.610500 (0.528300 + 0.082200),0.685800 (0.603900 + 0.081900),0.674200 (0.592200 + 0.082000),0.654800 (0.572400 + 0.082400),0.692000 (0.609300 + 0.082700),0.699900 (0.617400 + 0.082500),0.657500 (0.575100 + 0.082400),0.677500 (0.594900 + 0.082600),0.703300 (0.621000 + 0.082300),0.688600 (0.606600 + 0.082000),0.682500 (0.600300 + 0.082200),0.684300 (0.602100 + 0.082200),0.651500 (0.569700 + 0.081800),0.640500 (0.558000 + 0.082500),0.662400 (0.579600 + 0.082800),0.640800 (0.558000 + 0.082800),0.675600 (0.593100 + 0.082500),0.635000 (0.552600 + 0.082400),0.683700 (0.600300 + 0.083400),0.686300 (0.603900 + 0.082400),0.658300 (0.575100 + 0.083200),0.737800 (0.655200 + 0.082600),0.703400 (0.621000 + 0.082400),0.661900 (0.579600 + 0.082300),0.635400 (0.552600 + 0.082800),0.642500 (0.559800 + 0.082700),0.689000 (0.606600 + 0.082400),0.661700 (0.579600 + 0.082100),0.655200 (0.572400 + 0.082800),0.709300 (0.625500 + 0.083800),0.636000 (0.553500 + 0.082500),0.675600 (0.593100 + 0.082500),0.599800 (0.518400 + 0.081400),0.693200 (0.611100 + 0.082100),0.639900 (0.558000 + 0.081900),0.632600 (0.549900 + 0.082700),0.727800 (0.645300 + 0.082500),0.596700 (0.514800 + 0.081900),0.651300 (0.568800 + 0.082500),0.661200 (0.578700 + 0.082500),0.677600 (0.596700 + 0.080900),0.643800 (0.561600 + 0.082200),0.672600 (0.590400 + 0.082200),0.672600 (0.590400 + 0.082200)
12,0.720400 (0.638100 + 0.082300),0.691300 (0.609300 + 0.082000),0.706900 (0.624600 + 0.082300),0.734400 (0.651600 + 0.082800),0.655900 (0.574200 + 0.081700),0.623300 (0.540900 + 0.082400),0.684200 (0.602100 + 0.082100),0.663200 (0.581400 + 0.081800),0.666100 (0.583200 + 0.082900),0.680400 (0.598500 + 0.081900),0.696900 (0.614700 + 0.082200),0.744100 (0.661500 + 0.082600),0.676200 (0.594000 + 0.082200),0.723600 (0.639900 + 0.083700),0.698900 (0.616500 + 0.082400),0.660600 (0.577800 + 0.082800),0.668100 (0.585000 + 0.083100),0.697900 (0.614700 + 0.083200),0.690800 (0.609300 + 0.081500),0.703600 (0.621000 + 0.082600),0.674500 (0.591300 + 0.083200),0.701700 (0.619200 + 0.082500),0.637300 (0.555300 + 0.082000),0.724100 (0.641700 + 0.082400),0.663500 (0.581400 + 0.082100),0.700200 (0.617400 + 0.082800),0.668800 (0.586800 + 0.082000),0.685900 (0.603900 + 0.082000),0.660100 (0.577800 + 0.082300),0.744500 (0.662400 + 0.082100),0.688700 (0.606600 + 0.082100),0.710500 (0.628200 + 0.082300),0.682800 (0.600300 + 0.082500),0.670900 (0.587700 + 0.083200),0.695300 (0.612900 + 0.082400),0.722400 (0.639900 + 0.082500),0.696700 (0.614700 + 0.082000),0.705500 (0.622800 + 0.082700),0.633900 (0.551700 + 0.082200),0.699600 (0.617400 + 0.082200),0.735700 (0.653400 + 0.082300),0.651900 (0.568800 + 0.083100),0.717800 (0.635400 + 0.082400),0.625600 (0.542700 + 0.082900),0.661100 (0.580500 + 0.080600),0.736200 (0.653400 + 0.082800),0.694400 (0.612000 + 0.082400),0.690000 (0.607500 + 0.082500),0.679600 (0.596700 + 0.082900),0.683700 (0.601200 + 0.082500),0.678000 (0.594900 + 0.083100),0.675400 (0.592200 + 0.083200),0.623000 (0.540000 + 0.083000),0.643100 (0.560700 + 0.082400),0.656900 (0.574200 + 0.082700),0.666400 (0.584100 + 0.082300),0.686400 (0.603900 + 0.082500),0.640300 (0.558000 + 0.082300),0.616300 (0.533700 + 0.082600),0.720100 (0.638100 + 0.082000),0.684200 (0.601200 + 0.083000),0.718600 (0.636300 + 0.082300),0.670100 (0.587700 + 0.082400),0.727100 (0.644400 + 0.082700),0.655100 (0.572400 + 0.082700),0.719200 (0.638100 + 0.081100),0.703700 (0.621000 + 0.082700),0.707600 (0.625500 + 0.082100),0.678800 (0.596700 + 0.082100),0.699100 (0.617400 + 0.081700),0.660200 (0.576900 + 0.083300),0.689600 (0.606600 + 0.083000),0.736800 (0.654300 + 0.082500),0.713700 (0.630900 + 0.082800),0.709200 (0.627300 + 0.081900),0.666700 (0.585000 + 0.081700),0.752700 (0.669600 + 0.083100),0.696200 (0.614700 + 0.081500),0.680600 (0.596700 + 0.083900),0.672300 (0.590400 + 0.081900),0.733300 (0.650700 + 0.082600),0.710000 (0.627300 + 0.082700),0.688000 (0.606600 + 0.081400),0.649800 (0.567900 + 0.081900),0.721500 (0.639000 + 0.082500),0.718300 (0.636300 + 0.082000),0.644800 (0.562500 + 0.082300),0.684600 (0.602100 + 0.082500),0.687000 (0.604800 + 0.082200),0.677400 (0.594900 + 0.082500),0.664300 (0.582300 + 0.082000),0.667000 (0.585000 + 0.082000),0.673700 (0.591300 + 0.082400),0.657300 (0.575100 + 0.082200),0.701300 (0.618300 + 0.083000),0.711200 (0.629100 + 0.082100),0.657300 (0.575100 + 0.082200),0.660800 (0.578700 + 0.082100),0.702600 (0.620100 + 0.082500),0.624000 (0.540900 + 0.083100)
13,0.719400 (0.636300 + 0.083100),0.645300 (0.562500 + 0.082800),0.731200 (0.648900 + 0.082300),0.565100 (0.483300 + 0.081800),0.633000 (0.552600 + 0.080400),0.721200 (0.639000 + 0.082200),0.723000 (0.639900 + 0.083100),0.679700 (0.597600 + 0.082100),0.663800 (0.581400 + 0.082400),0.664700 (0.581400 + 0.083300),0.705300 (0.622800 + 0.082500),0.689100 (0.606600 + 0.082500),0.746700 (0.664200 + 0.082500),0.653400 (0.571500 + 0.081900),0.709400 (0.627300 + 0.082100),0.705300 (0.622800 + 0.082500),0.637400 (0.555300 + 0.082100),0.692900 (0.610200 + 0.082700),0.702500 (0.620100 + 0.082400),0.666500 (0.584100 + 0.082400),0.665500 (0.582300 + 0.083200),0.678000 (0.594900 + 0.083100),0.703900 (0.621900 + 0.082000),0.705800 (0.623700 + 0.082100),0.717400 (0.634500 + 0.082900),0.659800 (0.576900 + 0.082900),0.757600 (0.675000 + 0.082600),0.666400 (0.584100 + 0.082300),0.660000 (0.577800 + 0.082200),0.693800 (0.612000 + 0.081800),0.707100 (0.624600 + 0.082500),0.692800 (0.611100 + 0.081700),0.653000 (0.570600 + 0.082400),0.690800 (0.608400 + 0.082400),0.611200 (0.529200 + 0.082000),0.672400 (0.590400 + 0.082000),0.734200 (0.651600 + 0.082600),0.696600 (0.613800 + 0.082800),0.721200 (0.639000 + 0.082200),0.734800 (0.652500 + 0.082300),0.675100 (0.592200 + 0.082900),0.710900 (0.628200 + 0.082700),0.684200 (0.602100 + 0.082100),0.679900 (0.597600 + 0.082300),0.698100 (0.615600 + 0.082500),0.700200 (0.617400 + 0.082800),0.638700 (0.556200 + 0.082500),0.679500 (0.596700 + 0.082800),0.665300 (0.583200 + 0.082100),0.736800 (0.654300 + 0.082500),0.586000 (0.504000 + 0.082000),0.736000 (0.653400 + 0.082600),0.736000 (0.653400 + 0.082600),0.643900 (0.561600 + 0.082300),0.684200 (0.600300 + 0.083900),0.709200 (0.627300 + 0.081900),0.693100 (0.611100 + 0.082000),0.718200 (0.634500 + 0.083700),0.727400 (0.645300 + 0.082100),0.698900 (0.616500 + 0.082400),0.731800 (0.650700 + 0.081100),0.699000 (0.616500 + 0.082500),0.720600 (0.638100 + 0.082500),0.678500 (0.595800 + 0.082700),0.649600 (0.567000 + 0.082600),0.673900 (0.591300 + 0.082600),0.739800 (0.657000 + 0.082800),0.654400 (0.572400 + 0.082000),0.729900 (0.646200 + 0.083700),0.700700 (0.618300 + 0.082400),0.688600 (0.605700 + 0.082900),0.675900 (0.594000 + 0.081900),0.698900 (0.616500 + 0.082400),0.689300 (0.606600 + 0.082700),0.680600 (0.598500 + 0.082100),0.684400 (0.602100 + 0.082300),0.721400 (0.638100 + 0.083300),0.703100 (0.621000 + 0.082100),0.709900 (0.627300 + 0.082600),0.673200 (0.589500 + 0.083700),0.648700 (0.566100 + 0.082600),0.703400 (0.621900 + 0.081500),0.684300 (0.602100 + 0.082200),0.669800 (0.587700 + 0.082100),0.744600 (0.661500 + 0.083100),0.744300 (0.661500 + 0.082800),0.707000 (0.624600 + 0.082400),0.657900 (0.574200 + 0.083700),0.737300 (0.654300 + 0.083000),0.727200 (0.644400 + 0.082800),0.672400 (0.590400 + 0.082000),0.680100 (0.597600 + 0.082500),0.741400 (0.658800 + 0.082600),0.727300 (0.644400 + 0.082900),0.720700 (0.639000 + 0.081700),0.724000 (0.641700 + 0.082300),0.734200 (0.651600 + 0.082600),0.713900 (0.631800 + 0.082100),0.717700 (0.635400 + 0.082300),0.643200 (0.559800 + 0.083400)
14,0.763000 (0.680400 + 0.082600),0.684200 (0.602100 + 0.082100),0.744800 (0.661500 + 0.083300),0.738200 (0.655200 + 0.083000),0.708000 (0.625500 + 0.082500),0.714500 (0.632700 + 0.081800),0.681500 (0.599400 + 0.082100),0.679900 (0.597600 + 0.082300),0.691500 (0.608400 + 0.083100),0.705800 (0.623700 + 0.082100),0.690600 (0.608400 + 0.082200),0.690800 (0.608400 + 0.082400),0.695500 (0.613800 + 0.081700),0.741300 (0.658800 + 0.082500),0.722900 (0.640800 + 0.082100),0.748800 (0.665100 + 0.083700),0.741000 (0.657900 + 0.083100),0.678000 (0.594900 + 0.083100),0.690600 (0.607500 + 0.083100),0.649400 (0.567000 + 0.082400),0.715200 (0.632700 + 0.082500),0.734800 (0.652500 + 0.082300),0.750200 (0.667800 + 0.082400),0.742500 (0.659700 + 0.082800),0.695600 (0.613800 + 0.081800),0.722500 (0.639900 + 0.082600),0.702600 (0.619200 + 0.083400),0.735700 (0.653400 + 0.082300),0.741400 (0.658800 + 0.082600),0.755100 (0.672300 + 0.082800),0.755100 (0.672300 + 0.082800),0.748500 (0.666000 + 0.082500),0.723100 (0.640800 + 0.082300),0.710200 (0.628200 + 0.082000),0.706700 (0.623700 + 0.083000),0.667400 (0.585000 + 0.082400),0.683900 (0.601200 + 0.082700),0.715500 (0.633600 + 0.081900),0.665300 (0.583200 + 0.082100),0.738800 (0.656100 + 0.082700),0.745900 (0.662400 + 0.083500),0.755600 (0.673200 + 0.082400),0.754100 (0.671400 + 0.082700),0.732100 (0.649800 + 0.082300),0.748300 (0.666000 + 0.082300),0.759300 (0.676800 + 0.082500),0.705600 (0.622800 + 0.082800),0.735300 (0.653400 + 0.081900),0.708300 (0.625500 + 0.082800),0.738400 (0.656100 + 0.082300),0.690800 (0.608400 + 0.082400),0.689900 (0.607500 + 0.082400),0.712000 (0.630000 + 0.082000),0.760100 (0.676800 + 0.083300),0.693200 (0.611100 + 0.082100),0.742600 (0.659700 + 0.082900),0.750400 (0.666900 + 0.083500),0.601100 (0.519300 + 0.081800),0.620200 (0.537300 + 0.082900),0.714800 (0.632700 + 0.082100),0.727700 (0.645300 + 0.082400),0.757600 (0.675000 + 0.082600),0.733700 (0.651600 + 0.082100),0.723400 (0.640800 + 0.082600),0.701000 (0.618300 + 0.082700),0.755100 (0.672300 + 0.082800),0.750600 (0.667800 + 0.082800),0.757600 (0.675000 + 0.082600),0.722400 (0.639900 + 0.082500),0.731700 (0.649800 + 0.081900),0.729200 (0.647100 + 0.082100),0.700200 (0.617400 + 0.082800),0.714900 (0.631800 + 0.083100),0.738700 (0.656100 + 0.082600),0.743400 (0.660600 + 0.082800),0.734000 (0.651600 + 0.082400),0.675100 (0.593100 + 0.082000),0.716600 (0.633600 + 0.083000),0.742400 (0.660600 + 0.081800),0.691600 (0.609300 + 0.082300),0.689100 (0.606600 + 0.082500),0.741000 (0.657900 + 0.083100),0.752500 (0.669600 + 0.082900),0.693000 (0.611100 + 0.081900),0.676000 (0.593100 + 0.082900),0.726700 (0.644400 + 0.082300),0.717600 (0.635400 + 0.082200),0.697000 (0.614700 + 0.082300),0.627200 (0.544500 + 0.082700),0.735000 (0.652500 + 0.082500),0.660400 (0.577800 + 0.082600),0.739500 (0.657000 + 0.082500),0.670300 (0.588600 + 0.081700),0.747300 (0.664200 + 0.083100),0.678700 (0.596700 + 0.082000),0.749500 (0.666900 + 0.082600),0.717000 (0.634500 + 0.082500),0.685800 (0.603900 + 0.081900),0.721600 (0.638100 + 0.083500),0.669300 (0.587700 + 0.081600)
15,0.748600 (0.666000 + 0.082600),0.697300 (0.615600 + 0.081700),0.727700 (0.645300 + 0.082400),0.714300 (0.631800 + 0.082500),0.725900 (0.643500 + 0.082400),0.717300 (0.634500 + 0.082800),0.695700 (0.612900 + 0.082800),0.716200 (0.633600 + 0.082600),0.671900 (0.590400 + 0.081500),0.722400 (0.639900 + 0.082500),0.714200 (0.631800 + 0.082400),0.617900 (0.535500 + 0.082400),0.691600 (0.609300 + 0.082300),0.749300 (0.666900 + 0.082400),0.707200 (0.625500 + 0.081700),0.573000 (0.490500 + 0.082500),0.652000 (0.568800 + 0.083200),0.736800 (0.654300 + 0.082500),0.728500 (0.645300 + 0.083200),0.717600 (0.635400 + 0.082200),0.745100 (0.662400 + 0.082700),0.736700 (0.653400 + 0.083300),0.735500 (0.653400 + 0.082100),0.730300 (0.648000 + 0.082300),0.669900 (0.586800 + 0.083100),0.716000 (0.633600 + 0.082400),0.729000 (0.646200 + 0.082800),0.708200 (0.626400 + 0.081800),0.739400 (0.656100 + 0.083300),0.746800 (0.664200 + 0.082600),0.730400 (0.648000 + 0.082400),0.732900 (0.650700 + 0.082200),0.707700 (0.625500 + 0.082200),0.736000 (0.653400 + 0.082600),0.752400 (0.669600 + 0.082800),0.736000 (0.653400 + 0.082600),0.739900 (0.657900 + 0.082000),0.725700 (0.643500 + 0.082200),0.729100 (0.647100 + 0.082000),0.714300 (0.631800 + 0.082500),0.737600 (0.654300 + 0.083300),0.730200 (0.648000 + 0.082200),0.715400 (0.632700 + 0.082700),0.729200 (0.647100 + 0.082100),0.700100 (0.618300 + 0.081800),0.734100 (0.651600 + 0.082500),0.742400 (0.658800 + 0.083600),0.740100 (0.657000 + 0.083100),0.752400 (0.669600 + 0.082800),0.743100 (0.660600 + 0.082500),0.727300 (0.643500 + 0.083800),0.741600 (0.658800 + 0.082800),0.736000 (0.652500 + 0.083500),0.742200 (0.659700 + 0.082500),0.703600 (0.621000 + 0.082600),0.743100 (0.660600 + 0.082500),0.750400 (0.667800 + 0.082600),0.713900 (0.631800 + 0.082100),0.724900 (0.641700 + 0.083200),0.638200 (0.556200 + 0.082000),0.723600 (0.640800 + 0.082800),0.742900 (0.660600 + 0.082300),0.564700 (0.482400 + 0.082300),0.716500 (0.634500 + 0.082000),0.742300 (0.659700 + 0.082600),0.711700 (0.629100 + 0.082600),0.743700 (0.660600 + 0.083100),0.740200 (0.657000 + 0.083200),0.727000 (0.645300 + 0.081700),0.724800 (0.642600 + 0.082200),0.724000 (0.640800 + 0.083200),0.753000 (0.669600 + 0.083400),0.715400 (0.632700 + 0.082700),0.644300 (0.561600 + 0.082700),0.758000 (0.675900 + 0.082100),0.730800 (0.648900 + 0.081900),0.752400 (0.669600 + 0.082800),0.650700 (0.567900 + 0.082800),0.729000 (0.646200 + 0.082800),0.566600 (0.484200 + 0.082400),0.742800 (0.659700 + 0.083100),0.733200 (0.649800 + 0.083400),0.713300 (0.630900 + 0.082400),0.731600 (0.648000 + 0.083600),0.717300 (0.634500 + 0.082800),0.715000 (0.632700 + 0.082300),0.744400 (0.661500 + 0.082900),0.726800 (0.644400 + 0.082400),0.715300 (0.632700 + 0.082600),0.700900 (0.619200 + 0.081700),0.727900 (0.645300 + 0.082600),0.743800 (0.660600 + 0.083200),0.736600 (0.654300 + 0.082300),0.737000 (0.653400 + 0.083600),0.696000 (0.612900 + 0.083100),0.744900 (0.662400 + 0.082500),0.742800 (0.659700 + 0.083100),0.749700 (0.666900 + 0.082800),0.717200 (0.635400 + 0.081800),0.680000 (0.597600 + 0.082400)
16,0.709400 (0.627300 + 0.082100),0.714800 (0.632700 + 0.082100),0.702600 (0.620100 + 0.082500),0.630300 (0.548100 + 0.082200),0.708000 (0.625500 + 0.082500),0.706500 (0.623700 + 0.082800),0.723200 (0.640800 + 0.082400),0.698700 (0.615600 + 0.083100),0.697800 (0.614700 + 0.083100),0.715200 (0.632700 + 0.082500),0.719600 (0.636300 + 0.083300),0.684900 (0.602100 + 0.082800),0.721500 (0.639000 + 0.082500),0.704800 (0.622800 + 0.082000),0.688000 (0.605700 + 0.082300),0.705600 (0.622800 + 0.082800),0.708700 (0.625500 + 0.083200),0.703500 (0.621000 + 0.082500),0.614300 (0.531900 + 0.082400),0.719600 (0.636300 + 0.083300),0.722500 (0.639000 + 0.083500),0.700600 (0.618300 + 0.082300),0.685500 (0.603000 + 0.082500),0.711700 (0.629100 + 0.082600),0.687900 (0.604800 + 0.083100),0.708300 (0.625500 + 0.082800),0.691100 (0.608400 + 0.082700),0.702600 (0.620100 + 0.082500),0.704700 (0.622800 + 0.081900),0.697700 (0.614700 + 0.083000),0.713900 (0.630900 + 0.083000),0.697800 (0.614700 + 0.083100),0.698700 (0.615600 + 0.083100),0.706500 (0.623700 + 0.082800),0.709400 (0.626400 + 0.083000),0.695100 (0.612900 + 0.082200),0.669200 (0.586800 + 0.082400),0.719200 (0.636300 + 0.082900),0.693500 (0.611100 + 0.082400),0.707600 (0.624600 + 0.083000),0.676800 (0.594000 + 0.082800),0.698600 (0.616500 + 0.082100),0.704400 (0.621900 + 0.082500),0.713700 (0.630900 + 0.082800),0.717700 (0.633600 + 0.084100),0.664400 (0.582300 + 0.082100),0.650200 (0.567000 + 0.083200),0.722500 (0.639000 + 0.083500),0.704700 (0.622800 + 0.081900),0.717100 (0.634500 + 0.082600),0.706500 (0.623700 + 0.082800),0.699200 (0.616500 + 0.082700),0.720000 (0.637200 + 0.082800),0.707500 (0.624600 + 0.082900),0.698700 (0.616500 + 0.082200),0.703000 (0.620100 + 0.082900),0.726000 (0.643500 + 0.082500),0.708300 (0.625500 + 0.082800),0.706500 (0.623700 + 0.082800),0.700600 (0.618300 + 0.082300),0.695900 (0.613800 + 0.082100),0.618700 (0.536400 + 0.082300),0.691200 (0.609300 + 0.081900),0.700600 (0.618300 + 0.082300),0.710700 (0.628200 + 0.082500),0.670100 (0.587700 + 0.082400),0.708600 (0.626400 + 0.082200),0.702600 (0.620100 + 0.082500),0.708300 (0.625500 + 0.082800),0.715800 (0.632700 + 0.083100),0.709400 (0.626400 + 0.083000),0.688600 (0.606600 + 0.082000),0.717900 (0.635400 + 0.082500),0.709900 (0.627300 + 0.082600),0.715400 (0.632700 + 0.082700),0.684700 (0.602100 + 0.082600),0.654900 (0.572400 + 0.082500),0.702800 (0.619200 + 0.083600),0.704500 (0.621900 + 0.082600),0.657200 (0.575100 + 0.082100),0.706000 (0.622800 + 0.083200),0.695300 (0.612900 + 0.082400),0.695300 (0.612900 + 0.082400),0.708600 (0.625500 + 0.083100),0.713000 (0.629100 + 0.083900),0.702000 (0.619200 + 0.082800),0.695400 (0.612900 + 0.082500),0.681000 (0.598500 + 0.082500),0.707900 (0.625500 + 0.082400),0.698800 (0.615600 + 0.083200),0.705900 (0.623700 + 0.082200),0.707600 (0.625500 + 0.082100),0.686500 (0.604800 + 0.081700),0.705400 (0.622800 + 0.082600),0.687400 (0.604800 + 0.082600),0.698700 (0.615600 + 0.083100),0.698700 (0.615600 + 0.083100),0.635200 (0.552600 + 0.082600),0.719600 (0.636300 + 0.083300),0.706500 (0.623700 + 0.082800)
17,0.753000 (0.670500 + 0.082500),0.710800 (0.628200 + 0.082600),0.750500 (0.667800 + 0.082700),0.742100 (0.659700 + 0.082400),0.740100 (0.657900 + 0.082200),0.698600 (0.615600 + 0.083000),0.738800 (0.657000 + 0.081800),0.741000 (0.657900 + 0.083100),0.731300 (0.648900 + 0.082400),0.757700 (0.675000 + 0.082700),0.741400 (0.658800 + 0.082600),0.737800 (0.655200 + 0.082600),0.727100 (0.644400 + 0.082700),0.724000 (0.641700 + 0.082300),0.732700 (0.650700 + 0.082000),0.731000 (0.648000 + 0.083000),0.730800 (0.648000 + 0.082800),0.725900 (0.643500 + 0.082400),0.738300 (0.655200 + 0.083100),0.720100 (0.638100 + 0.082000),0.723700 (0.641700 + 0.082000),0.757000 (0.674100 + 0.082900),0.739800 (0.657000 + 0.082800),0.728300 (0.646200 + 0.082100),0.734300 (0.651600 + 0.082700),0.727400 (0.643500 + 0.083900),0.725400 (0.642600 + 0.082800),0.733200 (0.650700 + 0.082500),0.721500 (0.639000 + 0.082500),0.725400 (0.642600 + 0.082800),0.751600 (0.668700 + 0.082900),0.725400 (0.642600 + 0.082800),0.729000 (0.646200 + 0.082800),0.694600 (0.612000 + 0.082600),0.755000 (0.672300 + 0.082700),0.717900 (0.635400 + 0.082500),0.736600 (0.653400 + 0.083200),0.753900 (0.671400 + 0.082500),0.729000 (0.646200 + 0.082800),0.715300 (0.631800 + 0.083500),0.715300 (0.631800 + 0.083500),0.741000 (0.657900 + 0.083100),0.663400 (0.580500 + 0.082900),0.729900 (0.647100 + 0.082800),0.731300 (0.648000 + 0.083300),0.750200 (0.666900 + 0.083300),0.737400 (0.655200 + 0.082200),0.740700 (0.658800 + 0.081900),0.747600 (0.665100 + 0.082500),0.734200 (0.651600 + 0.082600),0.716700 (0.633600 + 0.083100),0.691400 (0.608400 + 0.083000),0.727200 (0.644400 + 0.082800),0.736700 (0.653400 + 0.083300),0.715700 (0.632700 + 0.083000),0.734900 (0.651600 + 0.083300),0.723800 (0.639900 + 0.083900),0.729000 (0.646200 + 0.082800),0.730000 (0.647100 + 0.082900),0.729000 (0.646200 + 0.082800),0.750500 (0.667800 + 0.082700),0.676200 (0.593100 + 0.083100),0.733000 (0.649800 + 0.083200),0.712800 (0.630000 + 0.082800),0.728000 (0.645300 + 0.082700),0.741200 (0.658800 + 0.082400),0.744700 (0.661500 + 0.083200),0.718800 (0.636300 + 0.082500),0.736700 (0.654300 + 0.082400),0.750500 (0.667800 + 0.082700),0.623200 (0.540900 + 0.082300),0.729000 (0.646200 + 0.082800),0.715300 (0.631800 + 0.083500),0.741300 (0.658800 + 0.082500),0.741400 (0.658800 + 0.082600),0.746300 (0.663300 + 0.083000),0.734200 (0.651600 + 0.082600),0.740100 (0.657900 + 0.082200),0.742100 (0.659700 + 0.082400),0.725400 (0.642600 + 0.082800),0.747300 (0.664200 + 0.083100),0.739400 (0.657000 + 0.082400),0.725100 (0.642600 + 0.082500),0.675700 (0.593100 + 0.082600),0.744300 (0.661500 + 0.082800),0.751200 (0.668700 + 0.082500),0.730800 (0.648000 + 0.082800),0.737900 (0.655200 + 0.082700),0.716300 (0.633600 + 0.082700),0.723700 (0.641700 + 0.082000),0.625000 (0.542700 + 0.082300),0.715300 (0.631800 + 0.083500),0.724500 (0.641700 + 0.082800),0.739100 (0.657000 + 0.082100),0.739100 (0.657000 + 0.082100),0.725100 (0.641700 + 0.083400),0.724900 (0.642600 + 0.082300),0.748300 (0.666000 + 0.082300),0.741200 (0.658800 + 0.082400),0.667500 (0.585000 + 0.082500)
18,0.736100 (0.653400 + 0.082700),0.735100 (0.652500 + 0.082600),0.728000 (0.645300 + 0.082700),0.717400 (0.634500 + 0.082900),0.730000 (0.647100 + 0.082900),0.723000 (0.640800 + 0.082200),0.734400 (0.651600 + 0.082800),0.714000 (0.630900 + 0.083100),0.722700 (0.639900 + 0.082800),0.727500 (0.644400 + 0.083100),0.728400 (0.646200 + 0.082200),0.727900 (0.645300 + 0.082600),0.750200 (0.666900 + 0.083300),0.726200 (0.643500 + 0.082700),0.726900 (0.644400 + 0.082500),0.725400 (0.642600 + 0.082800),0.742300 (0.659700 + 0.082600),0.733400 (0.650700 + 0.082700),0.734400 (0.651600 + 0.082800),0.714000 (0.630900 + 0.083100),0.714000 (0.630900 + 0.083100),0.719500 (0.637200 + 0.082300),0.717900 (0.634500 + 0.083400),0.702100 (0.619200 + 0.082900),0.734600 (0.651600 + 0.083000),0.734300 (0.651600 + 0.082700),0.725000 (0.642600 + 0.082400),0.735100 (0.652500 + 0.082600),0.739000 (0.656100 + 0.082900),0.732200 (0.649800 + 0.082400),0.706900 (0.623700 + 0.083200),0.713600 (0.630900 + 0.082700),0.705600 (0.622800 + 0.082800),0.711000 (0.628200 + 0.082800),0.722700 (0.639900 + 0.082800),0.679600 (0.596700 + 0.082900),0.723300 (0.640800 + 0.082500),0.698800 (0.616500 + 0.082300),0.739200 (0.657000 + 0.082200),0.705500 (0.622800 + 0.082700),0.733200 (0.650700 + 0.082500),0.733500 (0.651600 + 0.081900),0.727800 (0.644400 + 0.083400),0.719800 (0.637200 + 0.082600),0.717900 (0.635400 + 0.082500),0.722900 (0.640800 + 0.082100),0.567400 (0.485100 + 0.082300),0.728700 (0.646200 + 0.082500),0.752000 (0.668700 + 0.083300),0.556600 (0.474300 + 0.082300),0.731000 (0.648900 + 0.082100),0.711800 (0.629100 + 0.082700),0.723600 (0.640800 + 0.082800),0.618000 (0.535500 + 0.082500),0.720600 (0.638100 + 0.082500),0.730300 (0.648000 + 0.082300),0.687400 (0.604800 + 0.082600),0.725800 (0.643500 + 0.082300),0.749400 (0.666900 + 0.082500),0.717300 (0.634500 + 0.082800),0.725200 (0.642600 + 0.082600),0.725200 (0.642600 + 0.082600),0.729900 (0.647100 + 0.082800),0.729600 (0.647100 + 0.082500),0.733500 (0.650700 + 0.082800),0.722900 (0.640800 + 0.082100),0.731000 (0.648900 + 0.082100),0.736300 (0.653400 + 0.082900),0.738300 (0.656100 + 0.082200),0.728700 (0.646200 + 0.082500),0.729700 (0.647100 + 0.082600),0.719000 (0.636300 + 0.082700),0.727500 (0.645300 + 0.082200),0.728900 (0.646200 + 0.082700),0.715700 (0.632700 + 0.083000),0.748000 (0.665100 + 0.082900),0.749900 (0.666900 + 0.083000),0.730800 (0.648000 + 0.082800),0.666500 (0.584100 + 0.082400),0.740100 (0.657900 + 0.082200),0.710400 (0.627300 + 0.083100),0.728000 (0.645300 + 0.082700),0.722100 (0.639900 + 0.082200),0.747800 (0.664200 + 0.083600),0.728400 (0.646200 + 0.082200),0.721100 (0.639000 + 0.082100),0.553900 (0.470700 + 0.083200),0.752700 (0.669600 + 0.083100),0.717900 (0.635400 + 0.082500),0.736700 (0.654300 + 0.082400),0.724800 (0.642600 + 0.082200),0.679400 (0.596700 + 0.082700),0.727700 (0.645300 + 0.082400),0.694500 (0.612000 + 0.082500),0.723000 (0.640800 + 0.082200),0.732600 (0.649800 + 0.082800),0.725500 (0.642600 + 0.082900),0.722700 (0.639000 + 0.083700),0.725300 (0.642600 + 0.082700),0.723300 (0.640800 + 0.082500)
19,0.733800 (0.650700 + 0.083100),0.730500 (0.648000 + 0.082500),0.744400 (0.661500 + 0.082900),0.746100 (0.663300 + 0.082800),0.719300 (0.637200 + 0.082100),0.741300 (0.657900 + 0.083400),0.635900 (0.553500 + 0.082400),0.747000 (0.664200 + 0.082800),0.749600 (0.666900 + 0.082700),0.733800 (0.650700 + 0.083100),0.716400 (0.632700 + 0.083700),0.724800 (0.642600 + 0.082200),0.726800 (0.644400 + 0.082400),0.716300 (0.633600 + 0.082700),0.733300 (0.650700 + 0.082600),0.747100 (0.664200 + 0.082900),0.722200 (0.639900 + 0.082300),0.726800 (0.643500 + 0.083300),0.717300 (0.634500 + 0.082800),0.726600 (0.644400 + 0.082200),0.741400 (0.658800 + 0.082600),0.755200 (0.672300 + 0.082900),0.731800 (0.649800 + 0.082000),0.720500 (0.638100 + 0.082400),0.732100 (0.649800 + 0.082300),0.737600 (0.655200 + 0.082400),0.737900 (0.655200 + 0.082700),0.647600 (0.565200 + 0.082400),0.724500 (0.641700 + 0.082800),0.733600 (0.650700 + 0.082900),0.743500 (0.660600 + 0.082900),0.734000 (0.651600 + 0.082400),0.711000 (0.628200 + 0.082800),0.732800 (0.650700 + 0.082100),0.747000 (0.664200 + 0.082800),0.728600 (0.645300 + 0.083300),0.719900 (0.637200 + 0.082700),0.718400 (0.635400 + 0.083000),0.728400 (0.646200 + 0.082200),0.660200 (0.577800 + 0.082400),0.693700 (0.611100 + 0.082600),0.727700 (0.645300 + 0.082400),0.721100 (0.639000 + 0.082100),0.657600 (0.575100 + 0.082500),0.723700 (0.640800 + 0.082900),0.729600 (0.647100 + 0.082500),0.741400 (0.658800 + 0.082600),0.740000 (0.657000 + 0.083000),0.744300 (0.661500 + 0.082800),0.699700 (0.616500 + 0.083200),0.709100 (0.626400 + 0.082700),0.732100 (0.649800 + 0.082300),0.740600 (0.657900 + 0.082700),0.739900 (0.657000 + 0.082900),0.723200 (0.639900 + 0.083300),0.733800 (0.651600 + 0.082200),0.740100 (0.657000 + 0.083100),0.722200 (0.639900 + 0.082300),0.745100 (0.662400 + 0.082700),0.747100 (0.664200 + 0.082900),0.735900 (0.653400 + 0.082500),0.738800 (0.656100 + 0.082700),0.685400 (0.603000 + 0.082400),0.750400 (0.667800 + 0.082600),0.740600 (0.657900 + 0.082700),0.730000 (0.648000 + 0.082000),0.748900 (0.666000 + 0.082900),0.656200 (0.573300 + 0.082900),0.723300 (0.640800 + 0.082500),0.704100 (0.621900 + 0.082200),0.708900 (0.625500 + 0.083400),0.731100 (0.648900 + 0.082200),0.645100 (0.562500 + 0.082600),0.729500 (0.646200 + 0.083300),0.736800 (0.654300 + 0.082500),0.739900 (0.657000 + 0.082900),0.704800 (0.621900 + 0.082900),0.743700 (0.661500 + 0.082200),0.730100 (0.647100 + 0.083000),0.711900 (0.629100 + 0.082800),0.745800 (0.663300 + 0.082500),0.694900 (0.612000 + 0.082900),0.725900 (0.643500 + 0.082400),0.718100 (0.634500 + 0.083600),0.604300 (0.521100 + 0.083200),0.720200 (0.637200 + 0.083000),0.717700 (0.635400 + 0.082300),0.739400 (0.657000 + 0.082400),0.730200 (0.648000 + 0.082200),0.721500 (0.639000 + 0.082500),0.732800 (0.649800 + 0.083000),0.721700 (0.639900 + 0.081800),0.741100 (0.658800 + 0.082300),0.720800 (0.637200 + 0.083600),0.735600 (0.653400 + 0.082200),0.741200 (0.657900 + 0.083300),0.731100 (0.648900 + 0.082200),0.731500 (0.648000 + 0.083500),0.742600 (0.659700 + 0.082900),0.728900 (0.646200 + 0.082700)
20,0.727300 (0.644400 + 0.082900),0.726300 (0.643500 + 0.082800),0.601800 (0.519300 + 0.082500),0.738300 (0.656100 + 0.082200),0.677700 (0.594900 + 0.082800),0.735400 (0.652500 + 0.082900),0.721700 (0.639000 + 0.082700),0.734200 (0.651600 + 0.082600),0.723500 (0.640800 + 0.082700),0.707500 (0.624600 + 0.082900),0.724600 (0.641700 + 0.082900),0.706100 (0.623700 + 0.082400),0.724600 (0.641700 + 0.082900),0.726400 (0.643500 + 0.082900),0.664100 (0.581400 + 0.082700),0.711600 (0.629100 + 0.082500),0.731200 (0.648900 + 0.082300),0.729400 (0.647100 + 0.082300),0.740500 (0.657900 + 0.082600),0.728500 (0.646200 + 0.082300),0.744200 (0.661500 + 0.082700),0.647000 (0.564300 + 0.082700),0.736800 (0.654300 + 0.082500),0.743200 (0.660600 + 0.082600),0.697900 (0.614700 + 0.083200),0.717800 (0.635400 + 0.082400),0.722700 (0.639900 + 0.082800),0.738700 (0.656100 + 0.082600),0.709500 (0.626400 + 0.083100),0.731100 (0.648900 + 0.082200),0.708700 (0.626400 + 0.082300),0.727300 (0.644400 + 0.082900),0.701500 (0.619200 + 0.082300),0.719700 (0.637200 + 0.082500),0.742300 (0.659700 + 0.082600),0.742400 (0.659700 + 0.082700),0.718000 (0.635400 + 0.082600),0.689100 (0.606600 + 0.082500),0.719200 (0.636300 + 0.082900),0.700000 (0.617400 + 0.082600),0.715000 (0.631800 + 0.083200),0.705200 (0.622800 + 0.082400),0.721500 (0.638100 + 0.083400),0.736800 (0.654300 + 0.082500),0.640700 (0.558000 + 0.082700),0.704500 (0.621900 + 0.082600),0.723400 (0.640800 + 0.082600),0.707500 (0.624600 + 0.082900),0.724300 (0.641700 + 0.082600),0.740200 (0.657900 + 0.082300),0.720600 (0.638100 + 0.082500),0.669900 (0.587700 + 0.082200),0.710200 (0.627300 + 0.082900),0.727800 (0.644400 + 0.083400),0.737300 (0.655200 + 0.082100),0.735100 (0.652500 + 0.082600),0.715200 (0.631800 + 0.083400),0.688400 (0.604800 + 0.083600),0.723000 (0.639900 + 0.083100),0.738300 (0.656100 + 0.082200),0.722700 (0.639900 + 0.082800),0.691300 (0.608400 + 0.082900),0.714200 (0.630900 + 0.083300),0.734000 (0.651600 + 0.082400),0.708000 (0.625500 + 0.082500),0.728200 (0.645300 + 0.082900),0.725400 (0.642600 + 0.082800),0.693400 (0.611100 + 0.082300),0.740500 (0.657900 + 0.082600),0.729600 (0.647100 + 0.082500),0.736600 (0.654300 + 0.082300),0.719300 (0.636300 + 0.083000),0.708800 (0.626400 + 0.082400),0.727100 (0.644400 + 0.082700),0.636000 (0.553500 + 0.082500),0.740500 (0.657900 + 0.082600),0.725700 (0.643500 + 0.082200),0.704400 (0.621900 + 0.082500),0.726900 (0.644400 + 0.082500),0.738000 (0.655200 + 0.082800),0.711100 (0.628200 + 0.082900),0.702400 (0.620100 + 0.082300),0.698100 (0.615600 + 0.082500),0.714800 (0.631800 + 0.083000),0.723300 (0.640800 + 0.082500),0.708300 (0.625500 + 0.082800),0.714100 (0.630900 + 0.083200),0.732300 (0.649800 + 0.082500),0.733300 (0.650700 + 0.082600),0.695100 (0.612000 + 0.083100),0.716100 (0.633600 + 0.082500),0.730300 (0.648000 + 0.082300),0.674400 (0.591300 + 0.083100),0.730300 (0.648000 + 0.082300),0.717200 (0.634500 + 0.082700),0.724500 (0.641700 + 0.082800),0.708500 (0.625500 + 0.083000),0.724600 (0.641700 + 0.082900),0.707800 (0.624600 + 0.083200),0.723100 (0.640800 + 0.082300)
21,0.741500 (0.658800 + 0.082700),0.736900 (0.654300 + 0.082600),0.721700 (0.639000 + 0.082700),0.729000 (0.646200 + 0.082800),0.743200 (0.660600 + 0.082600),0.720500 (0.638100 + 0.082400),0.743100 (0.660600 + 0.082500),0.662800 (0.580500 + 0.082300),0.731000 (0.648000 + 0.083000),0.728600 (0.645300 + 0.083300),0.724000 (0.640800 + 0.083200),0.714300 (0.631800 + 0.082500),0.742300 (0.659700 + 0.082600),0.736900 (0.654300 + 0.082600),0.731500 (0.648900 + 0.082600),0.724700 (0.641700 + 0.083000),0.689700 (0.607500 + 0.082200),0.731500 (0.648900 + 0.082600),0.731800 (0.648900 + 0.082900),0.730400 (0.648000 + 0.082400),0.743100 (0.660600 + 0.082500),0.734000 (0.651600 + 0.082400),0.731900 (0.648900 + 0.083000),0.731500 (0.648900 + 0.082600),0.732700 (0.649800 + 0.082900),0.740200 (0.657900 + 0.082300),0.738600 (0.656100 + 0.082500),0.729600 (0.647100 + 0.082500),0.739700 (0.657000 + 0.082700),0.732600 (0.649800 + 0.082800),0.733500 (0.650700 + 0.082800),0.736800 (0.654300 + 0.082500),0.745100 (0.662400 + 0.082700),0.619000 (0.536400 + 0.082600),0.724600 (0.641700 + 0.082900),0.737200 (0.654300 + 0.082900),0.745000 (0.662400 + 0.082600),0.736400 (0.654300 + 0.082100),0.736400 (0.654300 + 0.082100),0.722500 (0.639900 + 0.082600),0.736300 (0.653400 + 0.082900),0.737000 (0.654300 + 0.082700),0.608000 (0.525600 + 0.082400),0.737600 (0.655200 + 0.082400),0.736900 (0.654300 + 0.082600),0.709600 (0.627300 + 0.082300),0.732300 (0.649800 + 0.082500),0.742600 (0.659700 + 0.082900),0.724600 (0.642600 + 0.082000),0.728900 (0.646200 + 0.082700),0.720300 (0.638100 + 0.082200),0.726600 (0.644400 + 0.082200),0.724400 (0.641700 + 0.082700),0.716800 (0.634500 + 0.082300),0.735800 (0.653400 + 0.082400),0.728300 (0.646200 + 0.082100),0.740600 (0.657900 + 0.082700),0.732800 (0.649800 + 0.083000),0.731400 (0.648900 + 0.082500),0.718900 (0.636300 + 0.082600),0.719500 (0.637200 + 0.082300),0.725400 (0.642600 + 0.082800),0.721900 (0.639000 + 0.082900),0.731500 (0.648900 + 0.082600),0.735800 (0.653400 + 0.082400),0.729900 (0.648000 + 0.081900),0.730600 (0.648000 + 0.082600),0.709000 (0.626400 + 0.082600),0.725000 (0.642600 + 0.082400),0.521900 (0.439200 + 0.082700),0.731900 (0.648900 + 0.083000),0.752900 (0.670500 + 0.082400),0.722600 (0.639900 + 0.082700),0.731200 (0.648900 + 0.082300),0.719100 (0.636300 + 0.082800),0.725100 (0.642600 + 0.082500),0.736300 (0.653400 + 0.082900),0.731500 (0.648900 + 0.082600),0.658400 (0.576000 + 0.082400),0.739300 (0.657000 + 0.082300),0.723100 (0.640800 + 0.082300),0.657700 (0.575100 + 0.082600),0.731500 (0.648900 + 0.082600),0.740500 (0.657900 + 0.082600),0.733600 (0.650700 + 0.082900),0.652000 (0.569700 + 0.082300),0.631300 (0.549000 + 0.082300),0.723400 (0.640800 + 0.082600),0.748600 (0.666000 + 0.082600),0.734900 (0.652500 + 0.082400),0.741300 (0.658800 + 0.082500),0.729100 (0.646200 + 0.082900),0.722400 (0.639900 + 0.082500),0.727800 (0.645300 + 0.082500),0.618600 (0.536400 + 0.082200),0.737500 (0.655200 + 0.082300),0.731400 (0.648900 + 0.082500),0.728600 (0.646200 + 0.082400),0.733000 (0.650700 + 0.082300),0.733200 (0.650700 + 0.082500)
22,0.758300 (0.675900 + 0.082400),0.733200 (0.650700 + 0.082500),0.732200 (0.649800 + 0.082400),0.744200 (0.661500 + 0.082700),0.721200 (0.639000 + 0.082200),0.743800 (0.661500 + 0.082300),0.721400 (0.639000 + 0.082400),0.757500 (0.675000 + 0.082500),0.752900 (0.670500 + 0.082400),0.756500 (0.674100 + 0.082400),0.750200 (0.667800 + 0.082400),0.750300 (0.667800 + 0.082500),0.742000 (0.659700 + 0.082300),0.733100 (0.650700 + 0.082400),0.606300 (0.523800 + 0.082500),0.757600 (0.675000 + 0.082600),0.743800 (0.661500 + 0.082300),0.755900 (0.673200 + 0.082700),0.737500 (0.655200 + 0.082300),0.759400 (0.676800 + 0.082600),0.742200 (0.659700 + 0.082500),0.730900 (0.648000 + 0.082900),0.743500 (0.660600 + 0.082900),0.744200 (0.661500 + 0.082700),0.675900 (0.593100 + 0.082800),0.760300 (0.677700 + 0.082600),0.627600 (0.545400 + 0.082200),0.738400 (0.656100 + 0.082300),0.730100 (0.647100 + 0.083000),0.754800 (0.672300 + 0.082500),0.753100 (0.670500 + 0.082600),0.726700 (0.644400 + 0.082300),0.692000 (0.609300 + 0.082700),0.756800 (0.674100 + 0.082700),0.754700 (0.672300 + 0.082400),0.758300 (0.675900 + 0.082400),0.756700 (0.674100 + 0.082600),0.752500 (0.669600 + 0.082900),0.752100 (0.669600 + 0.082500),0.729700 (0.646200 + 0.083500),0.750100 (0.667800 + 0.082300),0.753900 (0.671400 + 0.082500),0.745300 (0.662400 + 0.082900),0.740000 (0.657000 + 0.083000),0.746700 (0.664200 + 0.082500),0.752100 (0.669600 + 0.082500),0.743700 (0.661500 + 0.082200),0.752500 (0.669600 + 0.082900),0.759400 (0.676800 + 0.082600),0.747700 (0.665100 + 0.082600),0.766400 (0.684000 + 0.082400),0.757400 (0.675000 + 0.082400),0.754900 (0.672300 + 0.082600),0.737000 (0.654300 + 0.082700),0.743200 (0.660600 + 0.082600),0.753200 (0.670500 + 0.082700),0.716100 (0.633600 + 0.082500),0.749900 (0.666900 + 0.083000),0.744800 (0.662400 + 0.082400),0.649000 (0.566100 + 0.082900),0.751300 (0.668700 + 0.082600),0.751200 (0.668700 + 0.082500),0.737500 (0.655200 + 0.082300),0.745800 (0.663300 + 0.082500),0.751300 (0.668700 + 0.082600),0.760300 (0.677700 + 0.082600),0.758900 (0.675900 + 0.083000),0.726700 (0.644400 + 0.082300),0.759000 (0.676800 + 0.082200),0.759400 (0.676800 + 0.082600),0.745100 (0.662400 + 0.082700),0.748500 (0.666000 + 0.082500),0.744500 (0.661500 + 0.083000),0.750400 (0.667800 + 0.082600),0.741600 (0.658800 + 0.082800),0.756700 (0.674100 + 0.082600),0.758000 (0.675000 + 0.083000),0.737500 (0.655200 + 0.082300),0.726700 (0.644400 + 0.082300),0.745100 (0.662400 + 0.082700),0.740000 (0.657900 + 0.082100),0.759400 (0.676800 + 0.082600),0.745000 (0.662400 + 0.082600),0.753900 (0.671400 + 0.082500),0.758900 (0.676800 + 0.082100),0.720900 (0.639000 + 0.081900),0.748500 (0.666000 + 0.082500),0.752100 (0.669600 + 0.082500),0.728500 (0.646200 + 0.082300),0.735400 (0.652500 + 0.082900),0.743600 (0.660600 + 0.083000),0.737900 (0.655200 + 0.082700),0.736300 (0.653400 + 0.082900),0.752700 (0.670500 + 0.082200),0.752300 (0.669600 + 0.082700),0.767700 (0.684900 + 0.082800),0.744200 (0.661500 + 0.082700),0.752200 (0.669600 + 0.082600),0.743900 (0.661500 + 0.082400),0.737700 (0.655200 + 0.082500)
23,0.736200 (0.653400 + 0.082800),0.736900 (0.654300 + 0.082600),0.730700 (0.648000 + 0.082700),0.719900 (0.637200 + 0.082700),0.702400 (0.620100 + 0.082300),0.738800 (0.656100 + 0.082700),0.736000 (0.653400 + 0.082600),0.760100 (0.677700 + 0.082400),0.737800 (0.655200 + 0.082600),0.728300 (0.645300 + 0.083000),0.741300 (0.658800 + 0.082500),0.707600 (0.624600 + 0.083000),0.716500 (0.633600 + 0.082900),0.725900 (0.643500 + 0.082400),0.730000 (0.647100 + 0.082900),0.722500 (0.639900 + 0.082600),0.723900 (0.641700 + 0.082200),0.723200 (0.640800 + 0.082400),0.717400 (0.634500 + 0.082900),0.736300 (0.653400 + 0.082900),0.730400 (0.648000 + 0.082400),0.662200 (0.579600 + 0.082600),0.730800 (0.648000 + 0.082800),0.733100 (0.650700 + 0.082400),0.724400 (0.641700 + 0.082700),0.725100 (0.642600 + 0.082500),0.725100 (0.642600 + 0.082500),0.723200 (0.640800 + 0.082400),0.721600 (0.639000 + 0.082600),0.731200 (0.648900 + 0.082300),0.729400 (0.647100 + 0.082300),0.733100 (0.650700 + 0.082400),0.719800 (0.637200 + 0.082600),0.740500 (0.657900 + 0.082600),0.736900 (0.654300 + 0.082600),0.717000 (0.634500 + 0.082500),0.730200 (0.648000 + 0.082200),0.745800 (0.663300 + 0.082500),0.740400 (0.657900 + 0.082500),0.740500 (0.657900 + 0.082600),0.718000 (0.635400 + 0.082600),0.760100 (0.677700 + 0.082400),0.725100 (0.642600 + 0.082500),0.751800 (0.669600 + 0.082200),0.731600 (0.648900 + 0.082700),0.717300 (0.634500 + 0.082800),0.725100 (0.642600 + 0.082500),0.718300 (0.635400 + 0.082900),0.740600 (0.657900 + 0.082700),0.740600 (0.657900 + 0.082700),0.725100 (0.642600 + 0.082500),0.755500 (0.673200 + 0.082300),0.720600 (0.638100 + 0.082500),0.736000 (0.653400 + 0.082600),0.665500 (0.583200 + 0.082300),0.742300 (0.659700 + 0.082600),0.727700 (0.645300 + 0.082400),0.727700 (0.645300 + 0.082400),0.747800 (0.665100 + 0.082700),0.734200 (0.651600 + 0.082600),0.740000 (0.657000 + 0.083000),0.724000 (0.641700 + 0.082300),0.729900 (0.648000 + 0.081900),0.727900 (0.645300 + 0.082600),0.737000 (0.654300 + 0.082700),0.727800 (0.645300 + 0.082500),0.730000 (0.647100 + 0.082900),0.731300 (0.648900 + 0.082400),0.731100 (0.648900 + 0.082200),0.686100 (0.603900 + 0.082200),0.733400 (0.650700 + 0.082700),0.727000 (0.644400 + 0.082600),0.719600 (0.637200 + 0.082400),0.723500 (0.640800 + 0.082700),0.691600 (0.609300 + 0.082300),0.732800 (0.649800 + 0.083000),0.728700 (0.646200 + 0.082500),0.723400 (0.640800 + 0.082600),0.735900 (0.653400 + 0.082500),0.727600 (0.644400 + 0.083200),0.717300 (0.634500 + 0.082800),0.718400 (0.636300 + 0.082100),0.722700 (0.639900 + 0.082800),0.666000 (0.584100 + 0.081900),0.758400 (0.675900 + 0.082500),0.726100 (0.643500 + 0.082600),0.735100 (0.652500 + 0.082600),0.641800 (0.559800 + 0.082000),0.723300 (0.640800 + 0.082500),0.729300 (0.647100 + 0.082200),0.728800 (0.646200 + 0.082600),0.760100 (0.677700 + 0.082400),0.729600 (0.647100 + 0.082500),0.730700 (0.648000 + 0.082700),0.736000 (0.653400 + 0.082600),0.722500 (0.639900 + 0.082600),0.722800 (0.639900 + 0.082900),0.702900 (0.621000 + 0.081900),0.725600 (0.643500 + 0.082100),0.735100 (0.652500 + 0.082600)
24,0.726700 (0.644400 + 0.082300),0.758800 (0.675900 + 0.082900),0.750500 (0.667800 + 0.082700),0.618600 (0.536400 + 0.082200),0.616200 (0.533700 + 0.082500),0.751500 (0.668700 + 0.082800),0.748700 (0.666000 + 0.082700),0.660900 (0.578700 + 0.082200),0.758400 (0.675900 + 0.082500),0.754000 (0.671400 + 0.082600),0.753000 (0.670500 + 0.082500),0.751300 (0.668700 + 0.082600),0.754000 (0.671400 + 0.082600),0.745800 (0.663300 + 0.082500),0.761500 (0.678600 + 0.082900),0.749600 (0.666900 + 0.082700),0.757400 (0.675000 + 0.082400),0.744100 (0.661500 + 0.082600),0.763100 (0.680400 + 0.082700),0.749300 (0.666900 + 0.082400),0.756900 (0.674100 + 0.082800),0.753000 (0.670500 + 0.082500),0.753600 (0.671400 + 0.082200),0.732900 (0.650700 + 0.082200),0.743200 (0.660600 + 0.082600),0.753100 (0.670500 + 0.082600),0.744900 (0.662400 + 0.082500),0.763100 (0.680400 + 0.082700),0.747700 (0.665100 + 0.082600),0.744000 (0.661500 + 0.082500),0.743600 (0.660600 + 0.083000),0.753000 (0.670500 + 0.082500),0.745000 (0.662400 + 0.082600),0.746800 (0.664200 + 0.082600),0.763400 (0.681300 + 0.082100),0.760700 (0.678600 + 0.082100),0.743300 (0.660600 + 0.082700),0.737300 (0.655200 + 0.082100),0.738300 (0.656100 + 0.082200),0.743700 (0.661500 + 0.082200),0.759500 (0.676800 + 0.082700),0.691800 (0.609300 + 0.082500),0.764600 (0.682200 + 0.082400),0.745000 (0.662400 + 0.082600),0.752400 (0.669600 + 0.082800),0.752200 (0.669600 + 0.082600),0.755700 (0.673200 + 0.082500),0.752900 (0.670500 + 0.082400),0.748900 (0.666000 + 0.082900),0.736800 (0.654300 + 0.082500),0.745800 (0.663300 + 0.082500),0.741300 (0.658800 + 0.082500),0.742400 (0.659700 + 0.082700),0.759700 (0.676800 + 0.082900),0.748500 (0.666000 + 0.082500),0.754100 (0.671400 + 0.082700),0.758100 (0.675900 + 0.082200),0.743700 (0.660600 + 0.083100),0.742200 (0.659700 + 0.082500),0.763600 (0.681300 + 0.082300),0.740400 (0.657900 + 0.082500),0.730100 (0.648000 + 0.082100),0.754900 (0.672300 + 0.082600),0.743300 (0.660600 + 0.082700),0.742900 (0.660600 + 0.082300),0.746700 (0.664200 + 0.082500),0.748600 (0.666000 + 0.082600),0.725200 (0.642600 + 0.082600),0.752500 (0.669600 + 0.082900),0.748700 (0.666000 + 0.082700),0.754000 (0.671400 + 0.082600),0.748500 (0.666000 + 0.082500),0.759300 (0.676800 + 0.082500),0.756100 (0.673200 + 0.082900),0.753100 (0.670500 + 0.082600),0.758300 (0.675900 + 0.082400),0.746800 (0.664200 + 0.082600),0.748900 (0.666000 + 0.082900),0.744900 (0.662400 + 0.082500),0.764100 (0.681300 + 0.082800),0.735500 (0.653400 + 0.082100),0.757700 (0.675000 + 0.082700),0.629900 (0.547200 + 0.082700),0.632300 (0.549900 + 0.082400),0.744000 (0.661500 + 0.082500),0.741200 (0.658800 + 0.082400),0.746700 (0.664200 + 0.082500),0.735700 (0.653400 + 0.082300),0.749400 (0.666900 + 0.082500),0.752900 (0.670500 + 0.082400),0.753500 (0.670500 + 0.083000),0.756300 (0.674100 + 0.082200),0.754100 (0.671400 + 0.082700),0.705100 (0.622800 + 0.082300),0.754800 (0.672300 + 0.082500),0.746700 (0.664200 + 0.082500),0.762800 (0.680400 + 0.082400),0.739800 (0.657000 + 0.082800),0.737700 (0.655200 + 0.082500),0.745700 (0.663300 + 0.082400)
25,0.728600 (0.646200 + 0.082400),0.722600 (0.639900 + 0.082700),0.719800 (0.637200 + 0.082600),0.716600 (0.634500 + 0.082100),0.744000 (0.661500 + 0.082500),0.676300 (0.594000 + 0.082300),0.735800 (0.653400 + 0.082400),0.730100 (0.648000 + 0.082100),0.734200 (0.651600 + 0.082600),0.722300 (0.639900 + 0.082400),0.729800 (0.647100 + 0.082700),0.706200 (0.623700 + 0.082500),0.733200 (0.650700 + 0.082500),0.723400 (0.640800 + 0.082600),0.727000 (0.644400 + 0.082600),0.721600 (0.639000 + 0.082600),0.719000 (0.636300 + 0.082700),0.684400 (0.602100 + 0.082300),0.720600 (0.638100 + 0.082500),0.724700 (0.642600 + 0.082100),0.727800 (0.645300 + 0.082500),0.727100 (0.644400 + 0.082700),0.728600 (0.646200 + 0.082400),0.727100 (0.644400 + 0.082700),0.732600 (0.649800 + 0.082800),0.715300 (0.632700 + 0.082600),0.729600 (0.647100 + 0.082500),0.723500 (0.640800 + 0.082700),0.718000 (0.635400 + 0.082600),0.708000 (0.625500 + 0.082500),0.729300 (0.647100 + 0.082200),0.720800 (0.638100 + 0.082700),0.720100 (0.637200 + 0.082900),0.736800 (0.654300 + 0.082500),0.722500 (0.639900 + 0.082600),0.723400 (0.640800 + 0.082600),0.731300 (0.648900 + 0.082400),0.729600 (0.647100 + 0.082500),0.738700 (0.656100 + 0.082600),0.728800 (0.646200 + 0.082600),0.723600 (0.640800 + 0.082800),0.728700 (0.646200 + 0.082500),0.727800 (0.645300 + 0.082500),0.719900 (0.637200 + 0.082700),0.735100 (0.652500 + 0.082600),0.709200 (0.627300 + 0.081900),0.728700 (0.646200 + 0.082500),0.726300 (0.643500 + 0.082800),0.726100 (0.643500 + 0.082600),0.726000 (0.643500 + 0.082500),0.717700 (0.635400 + 0.082300),0.726200 (0.643500 + 0.082700),0.731400 (0.648900 + 0.082500),0.695600 (0.612900 + 0.082700),0.720500 (0.638100 + 0.082400),0.727000 (0.644400 + 0.082600),0.723100 (0.640800 + 0.082300),0.721100 (0.638100 + 0.083000),0.570400 (0.487800 + 0.082600),0.744000 (0.661500 + 0.082500),0.673700 (0.591300 + 0.082400),0.727000 (0.644400 + 0.082600),0.732600 (0.649800 + 0.082800),0.640500 (0.558000 + 0.082500),0.714300 (0.631800 + 0.082500),0.720900 (0.638100 + 0.082800),0.726200 (0.643500 + 0.082700),0.721600 (0.639000 + 0.082600),0.743500 (0.660600 + 0.082900),0.725100 (0.642600 + 0.082500),0.724800 (0.642600 + 0.082200),0.742200 (0.659700 + 0.082500),0.721000 (0.639000 + 0.082000),0.722800 (0.640800 + 0.082000),0.719800 (0.637200 + 0.082600),0.718900 (0.636300 + 0.082600),0.680000 (0.597600 + 0.082400),0.723300 (0.640800 + 0.082500),0.729800 (0.647100 + 0.082700),0.720000 (0.637200 + 0.082800),0.725300 (0.642600 + 0.082700),0.659500 (0.576900 + 0.082600),0.709200 (0.626400 + 0.082800),0.719800 (0.637200 + 0.082600),0.727100 (0.644400 + 0.082700),0.739700 (0.657000 + 0.082700),0.732500 (0.649800 + 0.082700),0.726900 (0.644400 + 0.082500),0.721600 (0.639000 + 0.082600),0.660300 (0.577800 + 0.082500),0.717600 (0.635400 + 0.082200),0.729500 (0.647100 + 0.082400),0.691100 (0.608400 + 0.082700),0.719800 (0.637200 + 0.082600),0.725100 (0.642600 + 0.082500),0.744900 (0.662400 + 0.082500),0.732300 (0.649800 + 0.082500),0.720100 (0.637200 + 0.082900),0.726900 (0.644400 + 0.082500),0.724200 (0.641700 + 0.082500)
26,0.746700 (0.664200 + 0.082500),0.666300 (0.584100 + 0.082200),0.744900 (0.662400 + 0.082500),0.737700 (0.655200 + 0.082500),0.755300 (0.672300 + 0.083000),0.743900 (0.661500 + 0.082400),0.674600 (0.592200 + 0.082400),0.748900 (0.666000 + 0.082900),0.738600 (0.656100 + 0.082500),0.743100 (0.660600 + 0.082500),0.738800 (0.656100 + 0.082700),0.749300 (0.666900 + 0.082400),0.747900 (0.665100 + 0.082800),0.745800 (0.663300 + 0.082500),0.752000 (0.669600 + 0.082400),0.742200 (0.659700 + 0.082500),0.758800 (0.675900 + 0.082900),0.739500 (0.657000 + 0.082500),0.752200 (0.669600 + 0.082600),0.745000 (0.662400 + 0.082600),0.717900 (0.635400 + 0.082500),0.742300 (0.659700 + 0.082600),0.625700 (0.543600 + 0.082100),0.745600 (0.663300 + 0.082300),0.742200 (0.659700 + 0.082500),0.742200 (0.659700 + 0.082500),0.736900 (0.654300 + 0.082600),0.755000 (0.672300 + 0.082700),0.734700 (0.652500 + 0.082200),0.733700 (0.650700 + 0.083000),0.744700 (0.662400 + 0.082300),0.739600 (0.657000 + 0.082600),0.736700 (0.654300 + 0.082400),0.745800 (0.663300 + 0.082500),0.747100 (0.664200 + 0.082900),0.761900 (0.679500 + 0.082400),0.740700 (0.657900 + 0.082800),0.731500 (0.648900 + 0.082600),0.751400 (0.668700 + 0.082700),0.752200 (0.669600 + 0.082600),0.730600 (0.648000 + 0.082600),0.730800 (0.648000 + 0.082800),0.749000 (0.666000 + 0.083000),0.740600 (0.657900 + 0.082700),0.726900 (0.644400 + 0.082500),0.754300 (0.671400 + 0.082900),0.751800 (0.669600 + 0.082200),0.748600 (0.666000 + 0.082600),0.743300 (0.660600 + 0.082700),0.747100 (0.664200 + 0.082900),0.619000 (0.536400 + 0.082600),0.743100 (0.660600 + 0.082500),0.731200 (0.648900 + 0.082300),0.741500 (0.658800 + 0.082700),0.750600 (0.667800 + 0.082800),0.663800 (0.581400 + 0.082400),0.745800 (0.663300 + 0.082500),0.744000 (0.661500 + 0.082500),0.743100 (0.660600 + 0.082500),0.745800 (0.663300 + 0.082500),0.717800 (0.635400 + 0.082400),0.734400 (0.651600 + 0.082800),0.746700 (0.664200 + 0.082500),0.742300 (0.659700 + 0.082600),0.745600 (0.663300 + 0.082300),0.725200 (0.642600 + 0.082600),0.749400 (0.666900 + 0.082500),0.758100 (0.675900 + 0.082200),0.730400 (0.648000 + 0.082400),0.728100 (0.645300 + 0.082800),0.749600 (0.666900 + 0.082700),0.740400 (0.657900 + 0.082500),0.734100 (0.651600 + 0.082500),0.750200 (0.667800 + 0.082400),0.736900 (0.654300 + 0.082600),0.728800 (0.646200 + 0.082600),0.747400 (0.665100 + 0.082300),0.728100 (0.645300 + 0.082800),0.747700 (0.665100 + 0.082600),0.742200 (0.659700 + 0.082500),0.743200 (0.660600 + 0.082600),0.742900 (0.660600 + 0.082300),0.750500 (0.667800 + 0.082700),0.745000 (0.662400 + 0.082600),0.740600 (0.657900 + 0.082700),0.743700 (0.661500 + 0.082200),0.739600 (0.657000 + 0.082600),0.731400 (0.648900 + 0.082500),0.746900 (0.664200 + 0.082700),0.733400 (0.650700 + 0.082700),0.743900 (0.661500 + 0.082400),0.736600 (0.654300 + 0.082300),0.749600 (0.666900 + 0.082700),0.752100 (0.669600 + 0.082500),0.738800 (0.656100 + 0.082700),0.744000 (0.661500 + 0.082500),0.739100 (0.657000 + 0.082100),0.738800 (0.656100 + 0.082700),0.740700 (0.657900 + 0.082800),0.669800 (0.587700 + 0.082100)
27,0.732200 (0.649800 + 0.082400),0.722500 (0.639900 + 0.082600),0.717200 (0.634500 + 0.082700),0.716300 (0.633600 + 0.082700),0.727200 (0.644400 + 0.082800),0.733000 (0.650700 + 0.082300),0.702200 (0.619200 + 0.083000),0.730700 (0.648000 + 0.082700),0.721600 (0.639000 + 0.082600),0.653800 (0.571500 + 0.082300),0.713500 (0.630900 + 0.082600),0.720500 (0.638100 + 0.082400),0.742600 (0.659700 + 0.082900),0.649400 (0.567000 + 0.082400),0.726100 (0.643500 + 0.082600),0.720800 (0.638100 + 0.082700),0.736900 (0.654300 + 0.082600),0.724100 (0.641700 + 0.082400),0.728900 (0.646200 + 0.082700),0.732200 (0.649800 + 0.082400),0.714500 (0.631800 + 0.082700),0.723600 (0.640800 + 0.082800),0.727700 (0.645300 + 0.082400),0.739900 (0.657000 + 0.082900),0.740800 (0.657900 + 0.082900),0.726000 (0.643500 + 0.082500),0.701300 (0.619200 + 0.082100),0.725600 (0.642600 + 0.083000),0.729100 (0.646200 + 0.082900),0.717300 (0.634500 + 0.082800),0.730700 (0.648000 + 0.082700),0.692400 (0.610200 + 0.082200),0.730400 (0.648000 + 0.082400),0.729600 (0.647100 + 0.082500),0.740900 (0.657900 + 0.083000),0.724100 (0.641700 + 0.082400),0.730600 (0.648000 + 0.082600),0.734200 (0.651600 + 0.082600),0.724500 (0.641700 + 0.082800),0.720000 (0.637200 + 0.082800),0.740200 (0.657900 + 0.082300),0.722200 (0.639900 + 0.082300),0.734100 (0.651600 + 0.082500),0.718000 (0.635400 + 0.082600),0.723600 (0.640800 + 0.082800),0.737600 (0.655200 + 0.082400),0.619600 (0.537300 + 0.082300),0.738500 (0.656100 + 0.082400),0.734100 (0.651600 + 0.082500),0.722400 (0.639900 + 0.082500),0.722700 (0.639900 + 0.082800),0.717900 (0.635400 + 0.082500),0.739900 (0.657000 + 0.082900),0.721600 (0.639000 + 0.082600),0.734300 (0.651600 + 0.082700),0.723300 (0.640800 + 0.082500),0.718900 (0.636300 + 0.082600),0.728500 (0.646200 + 0.082300),0.726000 (0.643500 + 0.082500),0.734400 (0.651600 + 0.082800),0.638400 (0.556200 + 0.082200),0.725300 (0.642600 + 0.082700),0.739700 (0.657000 + 0.082700),0.733400 (0.650700 + 0.082700),0.722500 (0.639900 + 0.082600),0.707300 (0.624600 + 0.082700),0.726600 (0.644400 + 0.082200),0.740400 (0.657900 + 0.082500),0.712800 (0.630000 + 0.082800),0.736300 (0.653400 + 0.082900),0.656600 (0.574200 + 0.082400),0.720600 (0.638100 + 0.082500),0.704100 (0.621000 + 0.083100),0.738900 (0.656100 + 0.082800),0.726500 (0.644400 + 0.082100),0.727200 (0.644400 + 0.082800),0.715300 (0.632700 + 0.082600),0.724100 (0.641700 + 0.082400),0.730600 (0.648000 + 0.082600),0.741100 (0.658800 + 0.082300),0.731200 (0.648900 + 0.082300),0.725300 (0.642600 + 0.082700),0.692600 (0.610200 + 0.082400),0.714500 (0.631800 + 0.082700),0.740400 (0.657900 + 0.082500),0.735500 (0.653400 + 0.082100),0.734200 (0.651600 + 0.082600),0.715900 (0.633600 + 0.082300),0.720400 (0.638100 + 0.082300),0.725800 (0.643500 + 0.082300),0.728900 (0.646200 + 0.082700),0.709900 (0.627300 + 0.082600),0.731400 (0.648900 + 0.082500),0.714300 (0.631800 + 0.082500),0.721900 (0.639000 + 0.082900),0.734100 (0.651600 + 0.082500),0.719300 (0.636300 + 0.083000),0.728700 (0.646200 + 0.082500),0.713400 (0.630900 + 0.082500),0.729500 (0.647100 + 0.082400)
28,0.750700 (0.667800 + 0.082900),0.724500 (0.641700 + 0.082800),0.728800 (0.646200 + 0.082600),0.733300 (0.650700 + 0.082600),0.729700 (0.647100 + 0.082600),0.736900 (0.654300 + 0.082600),0.733700 (0.650700 + 0.083000),0.750700 (0.667800 + 0.082900),0.722600 (0.639900 + 0.082700),0.730400 (0.648000 + 0.082400),0.732600 (0.649800 + 0.082800),0.719800 (0.637200 + 0.082600),0.738400 (0.656100 + 0.082300),0.724900 (0.642600 + 0.082300),0.722000 (0.639000 + 0.083000),0.744500 (0.661500 + 0.083000),0.751200 (0.668700 + 0.082500),0.736200 (0.653400 + 0.082800),0.717000 (0.634500 + 0.082500),0.728900 (0.646200 + 0.082700),0.735800 (0.653400 + 0.082400),0.741300 (0.658800 + 0.082500),0.728700 (0.646200 + 0.082500),0.749800 (0.666900 + 0.082900),0.739700 (0.657000 + 0.082700),0.725600 (0.643500 + 0.082100),0.735700 (0.653400 + 0.082300),0.730300 (0.648000 + 0.082300),0.719600 (0.637200 + 0.082400),0.729700 (0.647100 + 0.082600),0.718600 (0.636300 + 0.082300),0.727900 (0.645300 + 0.082600),0.728700 (0.646200 + 0.082500),0.753400 (0.670500 + 0.082900),0.647700 (0.565200 + 0.082500),0.726700 (0.644400 + 0.082300),0.730600 (0.648000 + 0.082600),0.748300 (0.666000 + 0.082300),0.750700 (0.667800 + 0.082900),0.735800 (0.653400 + 0.082400),0.723600 (0.640800 + 0.082800),0.740700 (0.657900 + 0.082800),0.747000 (0.664200 + 0.082800),0.727800 (0.645300 + 0.082500),0.736800 (0.654300 + 0.082500),0.729500 (0.647100 + 0.082400),0.730800 (0.648000 + 0.082800),0.730300 (0.648000 + 0.082300),0.717800 (0.635400 + 0.082400),0.730600 (0.648000 + 0.082600),0.721800 (0.639000 + 0.082800),0.742600 (0.659700 + 0.082900),0.727800 (0.645300 + 0.082500),0.727900 (0.645300 + 0.082600),0.734000 (0.651600 + 0.082400),0.720400 (0.638100 + 0.082300),0.730600 (0.648000 + 0.082600),0.720800 (0.638100 + 0.082700),0.735900 (0.653400 + 0.082500),0.728700 (0.646200 + 0.082500),0.730500 (0.648000 + 0.082500),0.723700 (0.640800 + 0.082900),0.751600 (0.668700 + 0.082900),0.734100 (0.651600 + 0.082500),0.734000 (0.651600 + 0.082400),0.736900 (0.654300 + 0.082600),0.718000 (0.635400 + 0.082600),0.738900 (0.656100 + 0.082800),0.743200 (0.660600 + 0.082600),0.740400 (0.657900 + 0.082500),0.594800 (0.512100 + 0.082700),0.753400 (0.670500 + 0.082900),0.741200 (0.658800 + 0.082400),0.735200 (0.652500 + 0.082700),0.730600 (0.648000 + 0.082600),0.709800 (0.627300 + 0.082500),0.732500 (0.649800 + 0.082700),0.739500 (0.657000 + 0.082500),0.731100 (0.648900 + 0.082200),0.727800 (0.645300 + 0.082500),0.731200 (0.648900 + 0.082300),0.724200 (0.641700 + 0.082500),0.732200 (0.649800 + 0.082400),0.744500 (0.661500 + 0.083000),0.737800 (0.655200 + 0.082600),0.725400 (0.642600 + 0.082800),0.731400 (0.648900 + 0.082500),0.726000 (0.643500 + 0.082500),0.727500 (0.645300 + 0.082200),0.735100 (0.652500 + 0.082600),0.732200 (0.649800 + 0.082400),0.720200 (0.637200 + 0.083000),0.732000 (0.649800 + 0.082200),0.727800 (0.645300 + 0.082500),0.722600 (0.639900 + 0.082700),0.728700 (0.646200 + 0.082500),0.728600 (0.646200 + 0.082400),0.712600 (0.630000 + 0.082600),0.731400 (0.648900 + 0.082500),0.694000 (0.611100 + 0.082900)
29,0.750700 (0.667800 + 0.082900),0.732200 (0.649800 + 0.082400),0.727100 (0.644400 + 0.082700),0.744100 (0.661500 + 0.082600),0.709800 (0.627300 + 0.082500),0.727900 (0.645300 + 0.082600),0.751000 (0.668700 + 0.082300),0.731000 (0.648000 + 0.083000),0.735900 (0.653400 + 0.082500),0.725900 (0.643500 + 0.082400),0.722300 (0.639900 + 0.082400),0.729700 (0.647100 + 0.082600),0.736600 (0.654300 + 0.082300),0.719400 (0.637200 + 0.082200),0.724100 (0.641700 + 0.082400),0.733200 (0.650700 + 0.082500),0.745700 (0.663300 + 0.082400),0.733400 (0.650700 + 0.082700),0.744900 (0.662400 + 0.082500),0.724000 (0.641700 + 0.082300),0.725900 (0.643500 + 0.082400),0.723300 (0.640800 + 0.082500),0.727600 (0.645300 + 0.082300),0.735200 (0.652500 + 0.082700),0.735400 (0.652500 + 0.082900),0.733700 (0.651600 + 0.082100),0.735800 (0.653400 + 0.082400),0.727900 (0.645300 + 0.082600),0.738900 (0.656100 + 0.082800),0.743600 (0.660600 + 0.083000),0.729400 (0.647100 + 0.082300),0.741200 (0.658800 + 0.082400),0.732400 (0.649800 + 0.082600),0.726300 (0.643500 + 0.082800),0.726000 (0.643500 + 0.082500),0.722600 (0.639900 + 0.082700),0.729100 (0.647100 + 0.082000),0.736700 (0.654300 + 0.082400),0.725100 (0.642600 + 0.082500),0.734200 (0.651600 + 0.082600),0.744700 (0.662400 + 0.082300),0.735000 (0.652500 + 0.082500),0.751200 (0.668700 + 0.082500),0.735100 (0.652500 + 0.082600),0.729000 (0.646200 + 0.082800),0.733200 (0.650700 + 0.082500),0.722700 (0.639900 + 0.082800),0.735100 (0.652500 + 0.082600),0.740700 (0.657900 + 0.082800),0.735400 (0.652500 + 0.082900),0.744300 (0.661500 + 0.082800),0.733500 (0.650700 + 0.082800),0.653200 (0.570600 + 0.082600),0.727900 (0.645300 + 0.082600),0.724200 (0.641700 + 0.082500),0.735800 (0.653400 + 0.082400),0.741200 (0.658800 + 0.082400),0.731400 (0.648900 + 0.082500),0.741300 (0.658800 + 0.082500),0.750700 (0.667800 + 0.082900),0.628100 (0.545400 + 0.082700),0.732400 (0.649800 + 0.082600),0.736800 (0.654300 + 0.082500),0.740800 (0.657900 + 0.082900),0.721500 (0.639000 + 0.082500),0.707900 (0.625500 + 0.082400),0.718000 (0.635400 + 0.082600),0.739400 (0.657000 + 0.082400),0.727900 (0.645300 + 0.082600),0.726100 (0.643500 + 0.082600),0.747100 (0.664200 + 0.082900),0.725300 (0.642600 + 0.082700),0.727900 (0.645300 + 0.082600),0.722400 (0.639900 + 0.082500),0.734800 (0.652500 + 0.082300),0.728900 (0.646200 + 0.082700),0.728600 (0.646200 + 0.082400),0.726800 (0.644400 + 0.082400),0.741800 (0.659700 + 0.082100),0.741200 (0.658800 + 0.082400),0.724200 (0.641700 + 0.082500),0.727700 (0.645300 + 0.082400),0.723300 (0.640800 + 0.082500),0.732500 (0.649800 + 0.082700),0.651500 (0.568800 + 0.082700),0.714300 (0.631800 + 0.082500),0.717700 (0.635400 + 0.082300),0.732500 (0.649800 + 0.082700),0.745400 (0.662400 + 0.083000),0.735100 (0.652500 + 0.082600),0.737500 (0.655200 + 0.082300),0.736000 (0.653400 + 0.082600),0.641700 (0.558900 + 0.082800),0.677800 (0.594900 + 0.082900),0.741900 (0.659700 + 0.082200),0.728500 (0.646200 + 0.082300),0.723400 (0.640800 + 0.082600),0.738000 (0.655200 + 0.082800),0.746800 (0.664200 + 0.082600),0.725900 (0.643500 + 0.082400)
30,0.759300 (0.676800 + 0.082500),0.769000 (0.686700 + 0.082300),0.768200 (0.685800 + 0.082400),0.754600 (0.672300 + 0.082300),0.771800 (0.689400 + 0.082400),0.757000 (0.674100 + 0.082900),0.772200 (0.689400 + 0.082800),0.749800 (0.666900 + 0.082900),0.755900 (0.673200 + 0.082700),0.756600 (0.674100 + 0.082500),0.746700 (0.664200 + 0.082500),0.771800 (0.689400 + 0.082400),0.761900 (0.679500 + 0.082400),0.765700 (0.683100 + 0.082600),0.768500 (0.685800 + 0.082700),0.747000 (0.664200 + 0.082800),0.699200 (0.616500 + 0.082700),0.759300 (0.676800 + 0.082500),0.752300 (0.669600 + 0.082700),0.767800 (0.684900 + 0.082900),0.751600 (0.668700 + 0.082900),0.753200 (0.670500 + 0.082700),0.746800 (0.664200 + 0.082600),0.754300 (0.671400 + 0.082900),0.764700 (0.682200 + 0.082500),0.770900 (0.688500 + 0.082400),0.720100 (0.637200 + 0.082900),0.771800 (0.689400 + 0.082400),0.648500 (0.566100 + 0.082400),0.768200 (0.685800 + 0.082400),0.746000 (0.663300 + 0.082700),0.761100 (0.678600 + 0.082500),0.764600 (0.682200 + 0.082400),0.761100 (0.678600 + 0.082500),0.752300 (0.669600 + 0.082700),0.753900 (0.671400 + 0.082500),0.769000 (0.686700 + 0.082300),0.753000 (0.670500 + 0.082500),0.776200 (0.693900 + 0.082300),0.770100 (0.687600 + 0.082500),0.766400 (0.684000 + 0.082400),0.770900 (0.688500 + 0.082400),0.680900 (0.598500 + 0.082400),0.700600 (0.618300 + 0.082300),0.765500 (0.683100 + 0.082400),0.748000 (0.665100 + 0.082900),0.758800 (0.675900 + 0.082900),0.754700 (0.672300 + 0.082400),0.755100 (0.672300 + 0.082800),0.749400 (0.666900 + 0.082500),0.759800 (0.677700 + 0.082100),0.766700 (0.684000 + 0.082700),0.765500 (0.683100 + 0.082400),0.749500 (0.666900 + 0.082600),0.748600 (0.666000 + 0.082600),0.694800 (0.612000 + 0.082800),0.761100 (0.678600 + 0.082500),0.768400 (0.685800 + 0.082600),0.769200 (0.686700 + 0.082500),0.759300 (0.676800 + 0.082500),0.763800 (0.681300 + 0.082500),0.767500 (0.684900 + 0.082600),0.762300 (0.679500 + 0.082800),0.749800 (0.666900 + 0.082900),0.743300 (0.660600 + 0.082700),0.754600 (0.672300 + 0.082300),0.745000 (0.662400 + 0.082600),0.767800 (0.684900 + 0.082900),0.750100 (0.667800 + 0.082300),0.746000 (0.663300 + 0.082700),0.772900 (0.690300 + 0.082600),0.750700 (0.667800 + 0.082900),0.773100 (0.690300 + 0.082800),0.754300 (0.671400 + 0.082900),0.770400 (0.687600 + 0.082800),0.770900 (0.688500 + 0.082400),0.770900 (0.688500 + 0.082400),0.752900 (0.670500 + 0.082400),0.762000 (0.679500 + 0.082500),0.761300 (0.678600 + 0.082700),0.750800 (0.668700 + 0.082100),0.755900 (0.673200 + 0.082700),0.765600 (0.683100 + 0.082500),0.753200 (0.670500 + 0.082700),0.767700 (0.684900 + 0.082800),0.751300 (0.668700 + 0.082600),0.755700 (0.673200 + 0.082500),0.759200 (0.676800 + 0.082400),0.720400 (0.638100 + 0.082300),0.768400 (0.685800 + 0.082600),0.762100 (0.679500 + 0.082600),0.765700 (0.683100 + 0.082600),0.680000 (0.597600 + 0.082400),0.745800 (0.663300 + 0.082500),0.766300 (0.684000 + 0.082300),0.759400 (0.676800 + 0.082600),0.770100 (0.687600 + 0.082500),0.750600 (0.667800 + 0.082800),0.768900 (0.686700 + 0.082200),0.767500 (0.684900 + 0.082600)
31,0.748300 (0.666000 + 0.082300),0.737700 (0.655200 + 0.082500),0.748600 (0.666000 + 0.082600),0.743500 (0.660600 + 0.082900),0.749600 (0.666900 + 0.082700),0.737700 (0.655200 + 0.082500),0.744400 (0.661500 + 0.082900),0.748900 (0.666000 + 0.082900),0.748300 (0.666000 + 0.082300),0.737700 (0.655200 + 0.082500),0.741200 (0.658800 + 0.082400),0.755500 (0.673200 + 0.082300),0.735900 (0.653400 + 0.082500),0.749500 (0.666900 + 0.082600),0.750200 (0.667800 + 0.082400),0.746600 (0.664200 + 0.082400),0.747800 (0.665100 + 0.082700),0.740300 (0.657900 + 0.082400),0.742000 (0.659700 + 0.082300),0.736800 (0.654300 + 0.082500),0.754700 (0.672300 + 0.082400),0.744400 (0.661500 + 0.082900),0.755700 (0.673200 + 0.082500),0.742700 (0.659700 + 0.083000),0.752200 (0.669600 + 0.082600),0.744000 (0.661500 + 0.082500),0.751500 (0.668700 + 0.082800),0.744800 (0.662400 + 0.082400),0.737700 (0.655200 + 0.082500),0.744900 (0.662400 + 0.082500),0.610600 (0.528300 + 0.082300),0.724300 (0.641700 + 0.082600),0.733500 (0.650700 + 0.082800),0.716000 (0.633600 + 0.082400),0.740100 (0.657900 + 0.082200),0.748300 (0.666000 + 0.082300),0.744400 (0.661500 + 0.082900),0.754900 (0.672300 + 0.082600),0.738600 (0.656100 + 0.082500),0.744000 (0.661500 + 0.082500),0.740600 (0.657900 + 0.082700),0.748800 (0.666000 + 0.082800),0.702700 (0.620100 + 0.082600),0.748800 (0.666000 + 0.082800),0.740400 (0.657900 + 0.082500),0.743900 (0.661500 + 0.082400),0.736800 (0.654300 + 0.082500),0.748400 (0.666000 + 0.082400),0.737700 (0.655200 + 0.082500),0.761100 (0.678600 + 0.082500),0.686600 (0.603900 + 0.082700),0.740500 (0.657900 + 0.082600),0.737600 (0.655200 + 0.082400),0.737700 (0.655200 + 0.082500),0.750000 (0.667800 + 0.082200),0.732200 (0.649800 + 0.082400),0.742100 (0.659700 + 0.082400),0.746600 (0.664200 + 0.082400),0.748400 (0.666000 + 0.082400),0.734400 (0.651600 + 0.082800),0.750200 (0.667800 + 0.082400),0.740800 (0.657900 + 0.082900),0.615100 (0.532800 + 0.082300),0.752400 (0.669600 + 0.082800),0.747600 (0.665100 + 0.082500),0.751500 (0.668700 + 0.082800),0.744700 (0.662400 + 0.082300),0.757000 (0.674100 + 0.082900),0.731900 (0.649800 + 0.082100),0.748400 (0.666000 + 0.082400),0.751500 (0.668700 + 0.082800),0.735900 (0.653400 + 0.082500),0.745900 (0.663300 + 0.082600),0.744400 (0.661500 + 0.082900),0.716000 (0.633600 + 0.082400),0.732400 (0.649800 + 0.082600),0.743900 (0.661500 + 0.082400),0.738900 (0.656100 + 0.082800),0.742100 (0.659700 + 0.082400),0.745700 (0.663300 + 0.082400),0.746600 (0.664200 + 0.082400),0.745700 (0.663300 + 0.082400),0.738500 (0.656100 + 0.082400),0.748400 (0.666000 + 0.082400),0.758500 (0.675900 + 0.082600),0.752500 (0.669600 + 0.082900),0.746600 (0.664200 + 0.082400),0.642400 (0.559800 + 0.082600),0.758500 (0.675900 + 0.082600),0.749600 (0.666900 + 0.082700),0.749600 (0.666900 + 0.082700),0.629100 (0.546300 + 0.082800),0.746600 (0.664200 + 0.082400),0.739400 (0.657000 + 0.082400),0.741200 (0.658800 + 0.082400),0.746600 (0.664200 + 0.082400),0.708000 (0.625500 + 0.082500),0.732200 (0.649800 + 0.082400),0.743900 (0.661500 + 0.082400),0.738600 (0.656100 + 0.082500)
32,0.754800 (0.672300 + 0.082500),0.738900 (0.656100 + 0.082800),0.737300 (0.654300 + 0.083000),0.752200 (0.669600 + 0.082600),0.736300 (0.653400 + 0.082900),0.746600 (0.664200 + 0.082400),0.756800 (0.674100 + 0.082700),0.752100 (0.669600 + 0.082500),0.754000 (0.671400 + 0.082600),0.738500 (0.656100 + 0.082400),0.745200 (0.662400 + 0.082800),0.755500 (0.673200 + 0.082300),0.740700 (0.657900 + 0.082800),0.745100 (0.662400 + 0.082700),0.739800 (0.657000 + 0.082800),0.762800 (0.680400 + 0.082400),0.757400 (0.675000 + 0.082400),0.741700 (0.658800 + 0.082900),0.657900 (0.575100 + 0.082800),0.722900 (0.639900 + 0.083000),0.748500 (0.666000 + 0.082500),0.741200 (0.658800 + 0.082400),0.740700 (0.657900 + 0.082800),0.749500 (0.666900 + 0.082600),0.756500 (0.674100 + 0.082400),0.745100 (0.662400 + 0.082700),0.745100 (0.662400 + 0.082700),0.556600 (0.474300 + 0.082300),0.750600 (0.667800 + 0.082800),0.745100 (0.662400 + 0.082700),0.747900 (0.665100 + 0.082800),0.754700 (0.672300 + 0.082400),0.754700 (0.672300 + 0.082400),0.757400 (0.675000 + 0.082400),0.762800 (0.680400 + 0.082400),0.752900 (0.670500 + 0.082400),0.752900 (0.670500 + 0.082400),0.661200 (0.578700 + 0.082500),0.756800 (0.674100 + 0.082700),0.750400 (0.667800 + 0.082600),0.756400 (0.674100 + 0.082300),0.748800 (0.666000 + 0.082800),0.751800 (0.669600 + 0.082200),0.739800 (0.657000 + 0.082800),0.692900 (0.610200 + 0.082700),0.739500 (0.657000 + 0.082500),0.752000 (0.669600 + 0.082400),0.741600 (0.658800 + 0.082800),0.752900 (0.670500 + 0.082400),0.751000 (0.668700 + 0.082300),0.746800 (0.664200 + 0.082600),0.733200 (0.650700 + 0.082500),0.745000 (0.662400 + 0.082600),0.733200 (0.650700 + 0.082500),0.753900 (0.671400 + 0.082500),0.754900 (0.672300 + 0.082600),0.747700 (0.665100 + 0.082600),0.746800 (0.664200 + 0.082600),0.755700 (0.673200 + 0.082500),0.761200 (0.678600 + 0.082600),0.741700 (0.658800 + 0.082900),0.754800 (0.672300 + 0.082500),0.740700 (0.657900 + 0.082800),0.745100 (0.662400 + 0.082700),0.754800 (0.672300 + 0.082500),0.753900 (0.671400 + 0.082500),0.757400 (0.675000 + 0.082400),0.757500 (0.675000 + 0.082500),0.753300 (0.670500 + 0.082800),0.751000 (0.668700 + 0.082300),0.752100 (0.669600 + 0.082500),0.746800 (0.664200 + 0.082600),0.748200 (0.666000 + 0.082200),0.753600 (0.671400 + 0.082200),0.749300 (0.666900 + 0.082400),0.731900 (0.648900 + 0.083000),0.756600 (0.674100 + 0.082500),0.757800 (0.675000 + 0.082800),0.745800 (0.663300 + 0.082500),0.754800 (0.672300 + 0.082500),0.747900 (0.665100 + 0.082800),0.748600 (0.666000 + 0.082600),0.650500 (0.567900 + 0.082600),0.753200 (0.670500 + 0.082700),0.757300 (0.675000 + 0.082300),0.752200 (0.669600 + 0.082600),0.749200 (0.666900 + 0.082300),0.759200 (0.676800 + 0.082400),0.739700 (0.657000 + 0.082700),0.745600 (0.663300 + 0.082300),0.740900 (0.657900 + 0.083000),0.751000 (0.668700 + 0.082300),0.754700 (0.672300 + 0.082400),0.751100 (0.668700 + 0.082400),0.748500 (0.666000 + 0.082500),0.754700 (0.672300 + 0.082400),0.749300 (0.666900 + 0.082400),0.749200 (0.666900 + 0.082300),0.752200 (0.669600 + 0.082600),0.732300 (0.649800 + 0.082500)
33,0.664500 (0.582300 + 0.082200),0.762000 (0.679500 + 0.082500),0.746900 (0.664200 + 0.082700),0.745500 (0.663300 + 0.082200),0.733900 (0.651600 + 0.082300),0.708700 (0.626400 + 0.082300),0.742100 (0.659700 + 0.082400),0.763000 (0.680400 + 0.082600),0.753000 (0.670500 + 0.082500),0.739300 (0.657000 + 0.082300),0.628600 (0.546300 + 0.082300),0.739500 (0.657000 + 0.082500),0.744100 (0.661500 + 0.082600),0.742100 (0.659700 + 0.082400),0.759200 (0.676800 + 0.082400),0.720800 (0.639000 + 0.081800),0.744300 (0.661500 + 0.082800),0.757300 (0.675000 + 0.082300),0.742900 (0.660600 + 0.082300),0.654800 (0.572400 + 0.082400),0.746800 (0.664200 + 0.082600),0.743500 (0.660600 + 0.082900),0.740200 (0.657900 + 0.082300),0.747500 (0.665100 + 0.082400),0.746700 (0.664200 + 0.082500),0.747500 (0.665100 + 0.082400),0.750100 (0.667800 + 0.082300),0.765500 (0.683100 + 0.082400),0.739500 (0.657000 + 0.082500),0.760900 (0.678600 + 0.082300),0.744900 (0.662400 + 0.082500),0.745900 (0.663300 + 0.082600),0.738400 (0.656100 + 0.082300),0.739800 (0.657000 + 0.082800),0.762700 (0.680400 + 0.082300),0.752100 (0.669600 + 0.082500),0.765500 (0.683100 + 0.082400),0.743100 (0.660600 + 0.082500),0.733900 (0.651600 + 0.082300),0.741500 (0.658800 + 0.082700),0.743900 (0.661500 + 0.082400),0.763600 (0.681300 + 0.082300),0.746800 (0.664200 + 0.082600),0.741300 (0.658800 + 0.082500),0.742100 (0.659700 + 0.082400),0.667100 (0.585000 + 0.082100),0.744700 (0.662400 + 0.082300),0.742300 (0.659700 + 0.082600),0.744800 (0.662400 + 0.082400),0.717000 (0.634500 + 0.082500),0.740700 (0.657900 + 0.082800),0.741600 (0.658800 + 0.082800),0.749600 (0.666900 + 0.082700),0.739300 (0.657000 + 0.082300),0.635600 (0.553500 + 0.082100),0.754000 (0.671400 + 0.082600),0.743900 (0.661500 + 0.082400),0.742700 (0.659700 + 0.083000),0.708600 (0.626400 + 0.082200),0.746600 (0.664200 + 0.082400),0.757500 (0.675000 + 0.082500),0.728700 (0.646200 + 0.082500),0.734100 (0.651600 + 0.082500),0.741400 (0.658800 + 0.082600),0.736300 (0.653400 + 0.082900),0.716100 (0.633600 + 0.082500),0.743500 (0.660600 + 0.082900),0.759700 (0.676800 + 0.082900),0.737900 (0.655200 + 0.082700),0.748200 (0.666000 + 0.082200),0.736800 (0.654300 + 0.082500),0.736700 (0.654300 + 0.082400),0.760900 (0.678600 + 0.082300),0.747000 (0.664200 + 0.082800),0.743900 (0.661500 + 0.082400),0.740200 (0.657900 + 0.082300),0.745900 (0.663300 + 0.082600),0.748700 (0.666000 + 0.082700),0.747400 (0.665100 + 0.082300),0.738400 (0.656100 + 0.082300),0.747000 (0.664200 + 0.082800),0.746900 (0.664200 + 0.082700),0.751900 (0.669600 + 0.082300),0.714400 (0.631800 + 0.082600),0.739500 (0.657000 + 0.082500),0.742100 (0.659700 + 0.082400),0.744900 (0.662400 + 0.082500),0.742500 (0.659700 + 0.082800),0.743900 (0.661500 + 0.082400),0.732000 (0.649800 + 0.082200),0.741400 (0.658800 + 0.082600),0.750200 (0.667800 + 0.082400),0.737200 (0.654300 + 0.082900),0.733300 (0.650700 + 0.082600),0.738600 (0.656100 + 0.082500),0.750000 (0.667800 + 0.082200),0.744800 (0.662400 + 0.082400),0.751600 (0.668700 + 0.082900),0.742200 (0.659700 + 0.082500),0.742100 (0.659700 + 0.082400)
34,0.758300 (0.675900 + 0.082400),0.678400 (0.595800 + 0.082600),0.756600 (0.674100 + 0.082500),0.754600 (0.672300 + 0.082300),0.746200 (0.663300 + 0.082900),0.749800 (0.666900 + 0.082900),0.754700 (0.672300 + 0.082400),0.759200 (0.676800 + 0.082400),0.751200 (0.668700 + 0.082500),0.739600 (0.657000 + 0.082600),0.766900 (0.684000 + 0.082900),0.754800 (0.672300 + 0.082500),0.742800 (0.660600 + 0.082200),0.767500 (0.684900 + 0.082600),0.766500 (0.684000 + 0.082500),0.675700 (0.593100 + 0.082600),0.758300 (0.675900 + 0.082400),0.751200 (0.668700 + 0.082500),0.747700 (0.665100 + 0.082600),0.755600 (0.673200 + 0.082400),0.762100 (0.679500 + 0.082600),0.756500 (0.674100 + 0.082400),0.749800 (0.666900 + 0.082900),0.741500 (0.658800 + 0.082700),0.683500 (0.601200 + 0.082300),0.748300 (0.666000 + 0.082300),0.754000 (0.671400 + 0.082600),0.754100 (0.671400 + 0.082700),0.741600 (0.658800 + 0.082800),0.755600 (0.673200 + 0.082400),0.748600 (0.666000 + 0.082600),0.750600 (0.667800 + 0.082800),0.753000 (0.670500 + 0.082500),0.756600 (0.674100 + 0.082500),0.756000 (0.673200 + 0.082800),0.754600 (0.672300 + 0.082300),0.748300 (0.666000 + 0.082300),0.759600 (0.676800 + 0.082800),0.738600 (0.656100 + 0.082500),0.751100 (0.668700 + 0.082400),0.757500 (0.675000 + 0.082500),0.755600 (0.673200 + 0.082400),0.749600 (0.666900 + 0.082700),0.755000 (0.672300 + 0.082700),0.750100 (0.667800 + 0.082300),0.758300 (0.675900 + 0.082400),0.748300 (0.666000 + 0.082300),0.756500 (0.674100 + 0.082400),0.758300 (0.675900 + 0.082400),0.764800 (0.682200 + 0.082600),0.741500 (0.658800 + 0.082700),0.748300 (0.666000 + 0.082300),0.748300 (0.666000 + 0.082300),0.751300 (0.668700 + 0.082600),0.752000 (0.669600 + 0.082400),0.758300 (0.675900 + 0.082400),0.750600 (0.667800 + 0.082800),0.752800 (0.670500 + 0.082300),0.755600 (0.673200 + 0.082400),0.733200 (0.650700 + 0.082500),0.750400 (0.667800 + 0.082600),0.753000 (0.670500 + 0.082500),0.751300 (0.668700 + 0.082600),0.720600 (0.638100 + 0.082500),0.714300 (0.631800 + 0.082500),0.754600 (0.672300 + 0.082300),0.762600 (0.680400 + 0.082200),0.756800 (0.674100 + 0.082700),0.663600 (0.581400 + 0.082200),0.756500 (0.674100 + 0.082400),0.752300 (0.669600 + 0.082700),0.756400 (0.674100 + 0.082300),0.754800 (0.672300 + 0.082500),0.766800 (0.684000 + 0.082800),0.744400 (0.661500 + 0.082900),0.759300 (0.676800 + 0.082500),0.762300 (0.679500 + 0.082800),0.636600 (0.554400 + 0.082200),0.745100 (0.662400 + 0.082700),0.755500 (0.673200 + 0.082300),0.754000 (0.671400 + 0.082600),0.688300 (0.605700 + 0.082600),0.752900 (0.670500 + 0.082400),0.751200 (0.668700 + 0.082500),0.749200 (0.666900 + 0.082300),0.753300 (0.670500 + 0.082800),0.756500 (0.674100 + 0.082400),0.748600 (0.666000 + 0.082600),0.751500 (0.668700 + 0.082800),0.752900 (0.670500 + 0.082400),0.751900 (0.669600 + 0.082300),0.749500 (0.666900 + 0.082600),0.762000 (0.679500 + 0.082500),0.762800 (0.680400 + 0.082400),0.759600 (0.676800 + 0.082800),0.766800 (0.684000 + 0.082800),0.744300 (0.661500 + 0.082800),0.760400 (0.677700 + 0.082700),0.758300 (0.675900 + 0.082400),0.758200 (0.675900 + 0.082300)
35,0.760300 (0.677700 + 0.082600),0.753300 (0.670500 + 0.082800),0.745000 (0.662400 + 0.082600),0.752400 (0.669600 + 0.082800),0.760900 (0.678600 + 0.082300),0.761400 (0.678600 + 0.082800),0.755500 (0.673200 + 0.082300),0.755500 (0.673200 + 0.082300),0.752800 (0.670500 + 0.082300),0.758300 (0.675900 + 0.082400),0.758200 (0.675900 + 0.082300),0.768400 (0.685800 + 0.082600),0.761000 (0.678600 + 0.082400),0.764100 (0.681300 + 0.082800),0.753800 (0.671400 + 0.082400),0.753200 (0.670500 + 0.082700),0.756500 (0.674100 + 0.082400),0.756500 (0.674100 + 0.082400),0.773900 (0.691200 + 0.082700),0.745000 (0.662400 + 0.082600),0.753300 (0.670500 + 0.082800),0.755800 (0.673200 + 0.082600),0.750100 (0.667800 + 0.082300),0.752100 (0.669600 + 0.082500),0.765800 (0.683100 + 0.082700),0.752000 (0.669600 + 0.082400),0.747100 (0.664200 + 0.082900),0.710000 (0.627300 + 0.082700),0.755100 (0.672300 + 0.082800),0.770200 (0.687600 + 0.082600),0.752900 (0.670500 + 0.082400),0.752400 (0.669600 + 0.082800),0.748300 (0.666000 + 0.082300),0.756500 (0.674100 + 0.082400),0.752900 (0.670500 + 0.082400),0.760300 (0.677700 + 0.082600),0.756600 (0.674100 + 0.082500),0.752900 (0.670500 + 0.082400),0.752000 (0.669600 + 0.082400),0.751800 (0.669600 + 0.082200),0.759400 (0.676800 + 0.082600),0.755000 (0.672300 + 0.082700),0.757500 (0.675000 + 0.082500),0.753900 (0.671400 + 0.082500),0.758500 (0.675900 + 0.082600),0.754900 (0.672300 + 0.082600),0.745000 (0.662400 + 0.082600),0.755700 (0.673200 + 0.082500),0.756400 (0.674100 + 0.082300),0.756400 (0.674100 + 0.082300),0.753300 (0.670500 + 0.082800),0.753100 (0.670500 + 0.082600),0.754500 (0.672300 + 0.082200),0.755200 (0.672300 + 0.082900),0.748700 (0.666000 + 0.082700),0.759300 (0.676800 + 0.082500),0.757600 (0.675000 + 0.082600),0.745000 (0.662400 + 0.082600),0.701000 (0.618300 + 0.082700),0.718600 (0.636300 + 0.082300),0.708000 (0.625500 + 0.082500),0.752900 (0.670500 + 0.082400),0.751200 (0.668700 + 0.082500),0.763600 (0.681300 + 0.082300),0.758200 (0.675900 + 0.082300),0.748500 (0.666000 + 0.082500),0.745000 (0.662400 + 0.082600),0.752200 (0.669600 + 0.082600),0.754600 (0.672300 + 0.082300),0.762900 (0.680400 + 0.082500),0.755700 (0.673200 + 0.082500),0.756500 (0.674100 + 0.082400),0.754600 (0.672300 + 0.082300),0.759300 (0.676800 + 0.082500),0.752900 (0.670500 + 0.082400),0.764000 (0.681300 + 0.082700),0.761300 (0.678600 + 0.082700),0.751200 (0.668700 + 0.082500),0.746800 (0.664200 + 0.082600),0.752900 (0.670500 + 0.082400),0.702500 (0.620100 + 0.082400),0.757900 (0.675000 + 0.082900),0.757300 (0.675000 + 0.082300),0.758400 (0.675900 + 0.082500),0.761000 (0.678600 + 0.082400),0.753100 (0.670500 + 0.082600),0.714100 (0.631800 + 0.082300),0.755800 (0.673200 + 0.082600),0.755800 (0.673200 + 0.082600),0.752000 (0.669600 + 0.082400),0.752000 (0.669600 + 0.082400),0.754900 (0.672300 + 0.082600),0.691600 (0.609300 + 0.082300),0.767400 (0.684900 + 0.082500),0.754200 (0.671400 + 0.082800),0.712500 (0.630000 + 0.082500),0.763800 (0.681300 + 0.082500),0.756500 (0.674100 + 0.082400),0.758700 (0.675900 + 0.082800),0.753900 (0.671400 + 0.082500)
36,0.751400 (0.668700 + 0.082700),0.739300 (0.657000 + 0.082300),0.737600 (0.655200 + 0.082400),0.737600 (0.655200 + 0.082400),0.747400 (0.665100 + 0.082300),0.751400 (0.668700 + 0.082700),0.737100 (0.654300 + 0.082800),0.736200 (0.653400 + 0.082800),0.731400 (0.648900 + 0.082500),0.735700 (0.653400 + 0.082300),0.750400 (0.667800 + 0.082600),0.743000 (0.660600 + 0.082400),0.744700 (0.662400 + 0.082300),0.738700 (0.656100 + 0.082600),0.743200 (0.660600 + 0.082600),0.730400 (0.648000 + 0.082400),0.737700 (0.655200 + 0.082500),0.735900 (0.653400 + 0.082500),0.705100 (0.622800 + 0.082300),0.738800 (0.656100 + 0.082700),0.734800 (0.652500 + 0.082300),0.741500 (0.658800 + 0.082700),0.745600 (0.663300 + 0.082300),0.745700 (0.663300 + 0.082400),0.748600 (0.666000 + 0.082600),0.736200 (0.653400 + 0.082800),0.738800 (0.656100 + 0.082700),0.737100 (0.654300 + 0.082800),0.740700 (0.657900 + 0.082800),0.683500 (0.601200 + 0.082300),0.742100 (0.659700 + 0.082400),0.737600 (0.655200 + 0.082400),0.736900 (0.654300 + 0.082600),0.738700 (0.656100 + 0.082600),0.717100 (0.634500 + 0.082600),0.655800 (0.573300 + 0.082500),0.614400 (0.531900 + 0.082500),0.738100 (0.655200 + 0.082900),0.737800 (0.655200 + 0.082600),0.737700 (0.655200 + 0.082500),0.745700 (0.663300 + 0.082400),0.746700 (0.664200 + 0.082500),0.741300 (0.658800 + 0.082500),0.743100 (0.660600 + 0.082500),0.738700 (0.656100 + 0.082600),0.744100 (0.661500 + 0.082600),0.743900 (0.661500 + 0.082400),0.749300 (0.666900 + 0.082400),0.734800 (0.652500 + 0.082300),0.719100 (0.636300 + 0.082800),0.745500 (0.663300 + 0.082200),0.743000 (0.660600 + 0.082400),0.749300 (0.666900 + 0.082400),0.731300 (0.648900 + 0.082400),0.733300 (0.650700 + 0.082600),0.740700 (0.657900 + 0.082800),0.741500 (0.658800 + 0.082700),0.680000 (0.597600 + 0.082400),0.746700 (0.664200 + 0.082500),0.743900 (0.661500 + 0.082400),0.736000 (0.653400 + 0.082600),0.746900 (0.664200 + 0.082700),0.744900 (0.662400 + 0.082500),0.734800 (0.652500 + 0.082300),0.741500 (0.658800 + 0.082700),0.647500 (0.565200 + 0.082300),0.744200 (0.661500 + 0.082700),0.731400 (0.648900 + 0.082500),0.744700 (0.662400 + 0.082300),0.716100 (0.633600 + 0.082500),0.739800 (0.657000 + 0.082800),0.736900 (0.654300 + 0.082600),0.741400 (0.658800 + 0.082600),0.747500 (0.665100 + 0.082400),0.743000 (0.660600 + 0.082400),0.738800 (0.656100 + 0.082700),0.731400 (0.648900 + 0.082500),0.745600 (0.663300 + 0.082300),0.723300 (0.640800 + 0.082500),0.745700 (0.663300 + 0.082400),0.748600 (0.666000 + 0.082600),0.734100 (0.651600 + 0.082500),0.734200 (0.651600 + 0.082600),0.738700 (0.656100 + 0.082600),0.741500 (0.658800 + 0.082700),0.724200 (0.641700 + 0.082500),0.688200 (0.605700 + 0.082500),0.738700 (0.656100 + 0.082600),0.745700 (0.663300 + 0.082400),0.744100 (0.661500 + 0.082600),0.740700 (0.657900 + 0.082800),0.742300 (0.659700 + 0.082600),0.746000 (0.663300 + 0.082700),0.734100 (0.651600 + 0.082500),0.735800 (0.653400 + 0.082400),0.736900 (0.654300 + 0.082600),0.736900 (0.654300 + 0.082600),0.752100 (0.669600 + 0.082500),0.725400 (0.642600 + 0.082800),0.690900 (0.608400 + 0.082500)
37,0.753900 (0.671400 + 0.082500),0.770900 (0.688500 + 0.082400),0.757400 (0.675000 + 0.082400),0.765800 (0.683100 + 0.082700),0.764500 (0.682200 + 0.082300),0.757800 (0.675000 + 0.082800),0.766600 (0.684000 + 0.082600),0.761300 (0.678600 + 0.082700),0.762300 (0.679500 + 0.082800),0.758300 (0.675900 + 0.082400),0.753900 (0.671400 + 0.082500),0.766600 (0.684000 + 0.082600),0.755700 (0.673200 + 0.082500),0.762200 (0.679500 + 0.082700),0.762300 (0.679500 + 0.082800),0.755800 (0.673200 + 0.082600),0.744000 (0.661500 + 0.082500),0.712500 (0.630000 + 0.082500),0.762100 (0.679500 + 0.082600),0.763800 (0.681300 + 0.082500),0.764000 (0.681300 + 0.082700),0.765800 (0.683100 + 0.082700),0.761300 (0.678600 + 0.082700),0.758300 (0.675900 + 0.082400),0.761000 (0.678600 + 0.082400),0.765800 (0.683100 + 0.082700),0.764100 (0.681300 + 0.082800),0.724900 (0.642600 + 0.082300),0.764900 (0.682200 + 0.082700),0.758800 (0.675900 + 0.082900),0.763700 (0.681300 + 0.082400),0.775600 (0.693000 + 0.082600),0.757400 (0.675000 + 0.082400),0.761700 (0.679500 + 0.082200),0.770000 (0.687600 + 0.082400),0.761900 (0.679500 + 0.082400),0.771100 (0.688500 + 0.082600),0.761200 (0.678600 + 0.082600),0.756500 (0.674100 + 0.082400),0.756400 (0.674100 + 0.082300),0.756500 (0.674100 + 0.082400),0.756500 (0.674100 + 0.082400),0.756500 (0.674100 + 0.082400),0.764200 (0.681300 + 0.082900),0.762300 (0.679500 + 0.082800),0.756500 (0.674100 + 0.082400),0.763900 (0.681300 + 0.082600),0.755600 (0.673200 + 0.082400),0.762700 (0.680400 + 0.082300),0.758700 (0.675900 + 0.082800),0.763900 (0.681300 + 0.082600),0.767600 (0.684900 + 0.082700),0.760300 (0.677700 + 0.082600),0.762100 (0.679500 + 0.082600),0.772700 (0.690300 + 0.082400),0.767500 (0.684900 + 0.082600),0.760400 (0.677700 + 0.082700),0.768500 (0.685800 + 0.082700),0.760400 (0.677700 + 0.082700),0.762900 (0.680400 + 0.082500),0.749500 (0.666900 + 0.082600),0.751000 (0.668700 + 0.082300),0.756500 (0.674100 + 0.082400),0.764600 (0.682200 + 0.082400),0.755600 (0.673200 + 0.082400),0.763600 (0.681300 + 0.082300),0.764800 (0.682200 + 0.082600),0.761200 (0.678600 + 0.082600),0.760400 (0.677700 + 0.082700),0.753900 (0.671400 + 0.082500),0.761300 (0.678600 + 0.082700),0.755700 (0.673200 + 0.082500),0.749500 (0.666900 + 0.082600),0.758200 (0.675900 + 0.082300),0.760500 (0.677700 + 0.082800),0.758200 (0.675900 + 0.082300),0.763000 (0.680400 + 0.082600),0.745300 (0.662400 + 0.082900),0.704300 (0.621900 + 0.082400),0.762700 (0.680400 + 0.082300),0.764200 (0.681300 + 0.082900),0.763300 (0.680400 + 0.082900),0.776200 (0.693900 + 0.082300),0.767400 (0.684900 + 0.082500),0.765800 (0.683100 + 0.082700),0.763900 (0.681300 + 0.082600),0.762200 (0.679500 + 0.082700),0.766600 (0.684000 + 0.082600),0.772700 (0.690300 + 0.082400),0.698800 (0.616500 + 0.082300),0.765800 (0.683100 + 0.082700),0.764700 (0.682200 + 0.082500),0.764700 (0.682200 + 0.082500),0.772700 (0.690300 + 0.082400),0.761300 (0.678600 + 0.082700),0.629000 (0.546300 + 0.082700),0.755700 (0.673200 + 0.082500),0.760500 (0.677700 + 0.082800),0.763000 (0.680400 + 0.082600),0.758400 (0.675900 + 0.082500)
38,0.761800 (0.679500 + 0.082300),0.766600 (0.684000 + 0.082600),0.759700 (0.676800 + 0.082900),0.711700 (0.629100 + 0.082600),0.761500 (0.678600 + 0.082900),0.753800 (0.671400 + 0.082400),0.752800 (0.670500 + 0.082300),0.762100 (0.679500 + 0.082600),0.759100 (0.676800 + 0.082300),0.763000 (0.680400 + 0.082600),0.765100 (0.682200 + 0.082900),0.765500 (0.683100 + 0.082400),0.755900 (0.673200 + 0.082700),0.754000 (0.671400 + 0.082600),0.760400 (0.677700 + 0.082700),0.765700 (0.683100 + 0.082600),0.729900 (0.647100 + 0.082800),0.748600 (0.666000 + 0.082600),0.756300 (0.674100 + 0.082200),0.762200 (0.679500 + 0.082700),0.755500 (0.673200 + 0.082300),0.760400 (0.677700 + 0.082700),0.767300 (0.684900 + 0.082400),0.762900 (0.680400 + 0.082500),0.759400 (0.676800 + 0.082600),0.761500 (0.678600 + 0.082900),0.760400 (0.677700 + 0.082700),0.765800 (0.683100 + 0.082700),0.751000 (0.668700 + 0.082300),0.754700 (0.672300 + 0.082400),0.762000 (0.679500 + 0.082500),0.748700 (0.666000 + 0.082700),0.762200 (0.679500 + 0.082700),0.712500 (0.630000 + 0.082500),0.756100 (0.673200 + 0.082900),0.753100 (0.670500 + 0.082600),0.758600 (0.675900 + 0.082700),0.748400 (0.666000 + 0.082400),0.755700 (0.673200 + 0.082500),0.755700 (0.673200 + 0.082500),0.754900 (0.672300 + 0.082600),0.749600 (0.666900 + 0.082700),0.755800 (0.673200 + 0.082600),0.762000 (0.679500 + 0.082500),0.752000 (0.669600 + 0.082400),0.757700 (0.675000 + 0.082700),0.763900 (0.681300 + 0.082600),0.767600 (0.684900 + 0.082700),0.764900 (0.682200 + 0.082700),0.772200 (0.689400 + 0.082800),0.771000 (0.688500 + 0.082500),0.760400 (0.677700 + 0.082700),0.767100 (0.684900 + 0.082200),0.749300 (0.666900 + 0.082400),0.763100 (0.680400 + 0.082700),0.769200 (0.686700 + 0.082500),0.756600 (0.674100 + 0.082500),0.761200 (0.678600 + 0.082600),0.760400 (0.677700 + 0.082700),0.753700 (0.671400 + 0.082300),0.754700 (0.672300 + 0.082400),0.761800 (0.679500 + 0.082300),0.760500 (0.677700 + 0.082800),0.755900 (0.673200 + 0.082700),0.681600 (0.599400 + 0.082200),0.758300 (0.675900 + 0.082400),0.765600 (0.683100 + 0.082500),0.766700 (0.684000 + 0.082700),0.758100 (0.675900 + 0.082200),0.747600 (0.665100 + 0.082500),0.766000 (0.683100 + 0.082900),0.769300 (0.686700 + 0.082600),0.767500 (0.684900 + 0.082600),0.766600 (0.684000 + 0.082600),0.686200 (0.603900 + 0.082300),0.760400 (0.677700 + 0.082700),0.758600 (0.675900 + 0.082700),0.754700 (0.672300 + 0.082400),0.755700 (0.673200 + 0.082500),0.757600 (0.675000 + 0.082600),0.671900 (0.589500 + 0.082400),0.766600 (0.684000 + 0.082600),0.765100 (0.682200 + 0.082900),0.745000 (0.662400 + 0.082600),0.757600 (0.675000 + 0.082600),0.752200 (0.669600 + 0.082600),0.761300 (0.678600 + 0.082700),0.753800 (0.671400 + 0.082400),0.752300 (0.669600 + 0.082700),0.724200 (0.641700 + 0.082500),0.760400 (0.677700 + 0.082700),0.761200 (0.678600 + 0.082600),0.757500 (0.675000 + 0.082500),0.759400 (0.676800 + 0.082600),0.763900 (0.681300 + 0.082600),0.762900 (0.680400 + 0.082500),0.755900 (0.673200 + 0.082700),0.763000 (0.680400 + 0.082600),0.762400 (0.679500 + 0.082900),0.763000 (0.680400 + 0.082600)
39,0.756000 (0.673200 + 0.082800),0.772100 (0.689400 + 0.082700),0.651300 (0.568800 + 0.082500),0.770200 (0.687600 + 0.082600),0.754800 (0.672300 + 0.082500),0.755700 (0.673200 + 0.082500),0.761400 (0.678600 + 0.082800),0.751100 (0.668700 + 0.082400),0.734900 (0.652500 + 0.082400),0.655000 (0.572400 + 0.082600),0.772000 (0.689400 + 0.082600),0.756700 (0.674100 + 0.082600),0.763800 (0.681300 + 0.082500),0.764100 (0.681300 + 0.082800),0.754200 (0.671400 + 0.082800),0.760100 (0.677700 + 0.082400),0.753800 (0.671400 + 0.082400),0.758400 (0.675900 + 0.082500),0.755000 (0.672300 + 0.082700),0.758700 (0.675900 + 0.082800),0.769800 (0.686700 + 0.083100),0.760100 (0.677700 + 0.082400),0.752200 (0.669600 + 0.082600),0.756000 (0.673200 + 0.082800),0.673700 (0.591300 + 0.082400),0.736100 (0.653400 + 0.082700),0.729300 (0.647100 + 0.082200),0.752200 (0.669600 + 0.082600),0.758500 (0.675900 + 0.082600),0.755800 (0.673200 + 0.082600),0.773800 (0.691200 + 0.082600),0.664500 (0.582300 + 0.082200),0.756600 (0.674100 + 0.082500),0.763600 (0.681300 + 0.082300),0.759900 (0.677700 + 0.082200),0.759700 (0.676800 + 0.082900),0.759500 (0.676800 + 0.082700),0.762100 (0.679500 + 0.082600),0.760300 (0.677700 + 0.082600),0.740600 (0.657900 + 0.082700),0.759400 (0.676800 + 0.082600),0.754100 (0.671400 + 0.082700),0.755000 (0.672300 + 0.082700),0.764200 (0.681300 + 0.082900),0.768300 (0.685800 + 0.082500),0.754900 (0.672300 + 0.082600),0.769300 (0.686700 + 0.082600),0.757800 (0.675000 + 0.082800),0.767600 (0.684900 + 0.082700),0.709900 (0.627300 + 0.082600),0.753600 (0.671400 + 0.082200),0.764800 (0.682200 + 0.082600),0.761200 (0.678600 + 0.082600),0.764700 (0.682200 + 0.082500),0.590800 (0.508500 + 0.082300),0.759200 (0.676800 + 0.082400),0.759200 (0.676800 + 0.082400),0.756000 (0.673200 + 0.082800),0.754800 (0.672300 + 0.082500),0.774800 (0.692100 + 0.082700),0.773100 (0.690300 + 0.082800),0.770400 (0.687600 + 0.082800),0.765800 (0.683100 + 0.082700),0.752200 (0.669600 + 0.082600),0.776800 (0.693900 + 0.082900),0.753600 (0.671400 + 0.082200),0.754800 (0.672300 + 0.082500),0.765500 (0.683100 + 0.082400),0.764100 (0.681300 + 0.082800),0.764000 (0.681300 + 0.082700),0.751400 (0.668700 + 0.082700),0.725200 (0.642600 + 0.082600),0.755700 (0.673200 + 0.082500),0.759300 (0.676800 + 0.082500),0.752100 (0.669600 + 0.082500),0.767600 (0.684900 + 0.082700),0.777700 (0.694800 + 0.082900),0.753700 (0.671400 + 0.082300),0.758400 (0.675900 + 0.082500),0.754800 (0.672300 + 0.082500),0.758600 (0.675900 + 0.082700),0.759900 (0.677700 + 0.082200),0.756900 (0.674100 + 0.082800),0.759300 (0.676800 + 0.082500),0.774800 (0.692100 + 0.082700),0.770300 (0.687600 + 0.082700),0.757000 (0.674100 + 0.082900),0.754800 (0.672300 + 0.082500),0.751400 (0.668700 + 0.082700),0.758400 (0.675900 + 0.082500),0.754900 (0.672300 + 0.082600),0.760000 (0.677700 + 0.082300),0.766600 (0.684000 + 0.082600),0.754100 (0.671400 + 0.082700),0.762100 (0.679500 + 0.082600),0.766600 (0.684000 + 0.082600),0.762700 (0.680400 + 0.082300),0.780300 (0.697500 + 0.082800),0.769400 (0.686700 + 0.082700),0.769300 (0.686700 + 0.082600)
40,0.777600 (0.694800 + 0.082800),0.755500 (0.673200 + 0.082300),0.780200 (0.697500 + 0.082700),0.780200 (0.697500 + 0.082700),0.767600 (0.684900 + 0.082700),0.756800 (0.674100 + 0.082700),0.771100 (0.688500 + 0.082600),0.715100 (0.632700 + 0.082400),0.761800 (0.679500 + 0.082300),0.766800 (0.684000 + 0.082800),0.771100 (0.688500 + 0.082600),0.780200 (0.697500 + 0.082700),0.770500 (0.687600 + 0.082900),0.765700 (0.683100 + 0.082600),0.758500 (0.675900 + 0.082600),0.768500 (0.685800 + 0.082700),0.756700 (0.674100 + 0.082600),0.778500 (0.695700 + 0.082800),0.778600 (0.695700 + 0.082900),0.758500 (0.675900 + 0.082600),0.773700 (0.691200 + 0.082500),0.766300 (0.684000 + 0.082300),0.772900 (0.690300 + 0.082600),0.772000 (0.689400 + 0.082600),0.773600 (0.691200 + 0.082400),0.779400 (0.696600 + 0.082800),0.767600 (0.684900 + 0.082700),0.771200 (0.688500 + 0.082700),0.650200 (0.567900 + 0.082300),0.763600 (0.681300 + 0.082300),0.775400 (0.693000 + 0.082400),0.770100 (0.687600 + 0.082500),0.761200 (0.678600 + 0.082600),0.759400 (0.676800 + 0.082600),0.771200 (0.688500 + 0.082700),0.771700 (0.689400 + 0.082300),0.778300 (0.695700 + 0.082600),0.768100 (0.685800 + 0.082300),0.774000 (0.691200 + 0.082800),0.772100 (0.689400 + 0.082700),0.744000 (0.661500 + 0.082500),0.777600 (0.694800 + 0.082800),0.777500 (0.694800 + 0.082700),0.774700 (0.692100 + 0.082600),0.765700 (0.683100 + 0.082600),0.731700 (0.648900 + 0.082800),0.760200 (0.677700 + 0.082500),0.778300 (0.695700 + 0.082600),0.756500 (0.674100 + 0.082400),0.762200 (0.679500 + 0.082700),0.764600 (0.682200 + 0.082400),0.761300 (0.678600 + 0.082700),0.754700 (0.672300 + 0.082400),0.766800 (0.684000 + 0.082800),0.778500 (0.695700 + 0.082800),0.766000 (0.683100 + 0.082900),0.772800 (0.690300 + 0.082500),0.761000 (0.678600 + 0.082400),0.743200 (0.660600 + 0.082600),0.773000 (0.690300 + 0.082700),0.773800 (0.691200 + 0.082600),0.766800 (0.684000 + 0.082800),0.777600 (0.694800 + 0.082800),0.772800 (0.690300 + 0.082500),0.768600 (0.685800 + 0.082800),0.777500 (0.694800 + 0.082700),0.774000 (0.691200 + 0.082800),0.702700 (0.620100 + 0.082600),0.777400 (0.694800 + 0.082600),0.766700 (0.684000 + 0.082700),0.762900 (0.680400 + 0.082500),0.772900 (0.690300 + 0.082600),0.764700 (0.682200 + 0.082500),0.776600 (0.693900 + 0.082700),0.778300 (0.695700 + 0.082600),0.769400 (0.686700 + 0.082700),0.763900 (0.681300 + 0.082600),0.779400 (0.696600 + 0.082800),0.771300 (0.688500 + 0.082800),0.763900 (0.681300 + 0.082600),0.768400 (0.685800 + 0.082600),0.774000 (0.691200 + 0.082800),0.766800 (0.684000 + 0.082800),0.769300 (0.686700 + 0.082600),0.768200 (0.685800 + 0.082400),0.772800 (0.690300 + 0.082500),0.764800 (0.682200 + 0.082600),0.773400 (0.690300 + 0.083100),0.769900 (0.687600 + 0.082300),0.771200 (0.688500 + 0.082700),0.780100 (0.697500 + 0.082600),0.766600 (0.684000 + 0.082600),0.766600 (0.684000 + 0.082600),0.776400 (0.693900 + 0.082500),0.774100 (0.691200 + 0.082900),0.761300 (0.678600 + 0.082700),0.775600 (0.693000 + 0.082600),0.732500 (0.649800 + 0.082700),0.768200 (0.685800 + 0.082400),0.762200 (0.679500 + 0.082700)
41,0.755000 (0.672300 + 0.082700),0.751500 (0.668700 + 0.082800),0.746100 (0.663300 + 0.082800),0.755000 (0.672300 + 0.082700),0.747100 (0.664200 + 0.082900),0.745900 (0.663300 + 0.082600),0.750500 (0.667800 + 0.082700),0.735300 (0.652500 + 0.082800),0.755000 (0.672300 + 0.082700),0.742400 (0.659700 + 0.082700),0.734700 (0.652500 + 0.082200),0.751300 (0.668700 + 0.082600),0.657700 (0.575100 + 0.082600),0.755000 (0.672300 + 0.082700),0.750600 (0.667800 + 0.082800),0.747100 (0.664200 + 0.082900),0.743200 (0.660600 + 0.082600),0.754000 (0.671400 + 0.082600),0.667700 (0.585000 + 0.082700),0.751500 (0.668700 + 0.082800),0.744000 (0.661500 + 0.082500),0.739600 (0.657000 + 0.082600),0.647900 (0.565200 + 0.082700),0.744200 (0.661500 + 0.082700),0.737800 (0.655200 + 0.082600),0.742400 (0.659700 + 0.082700),0.743200 (0.660600 + 0.082600),0.738800 (0.656100 + 0.082700),0.749800 (0.666900 + 0.082900),0.754000 (0.671400 + 0.082600),0.740600 (0.657900 + 0.082700),0.751600 (0.668700 + 0.082900),0.700900 (0.618300 + 0.082600),0.751500 (0.668700 + 0.082800),0.751500 (0.668700 + 0.082800),0.755000 (0.672300 + 0.082700),0.744300 (0.661500 + 0.082800),0.696500 (0.613800 + 0.082700),0.737100 (0.654300 + 0.082800),0.744200 (0.661500 + 0.082700),0.656000 (0.573300 + 0.082700),0.744200 (0.661500 + 0.082700),0.741100 (0.658800 + 0.082300),0.746800 (0.664200 + 0.082600),0.685600 (0.603000 + 0.082600),0.748700 (0.666000 + 0.082700),0.744000 (0.661500 + 0.082500),0.746900 (0.664200 + 0.082700),0.738800 (0.656100 + 0.082700),0.743200 (0.660600 + 0.082600),0.745000 (0.662400 + 0.082600),0.753200 (0.670500 + 0.082700),0.745900 (0.663300 + 0.082600),0.740300 (0.657900 + 0.082400),0.743200 (0.660600 + 0.082600),0.736700 (0.654300 + 0.082400),0.741500 (0.658800 + 0.082700),0.748600 (0.666000 + 0.082600),0.740600 (0.657900 + 0.082700),0.737000 (0.654300 + 0.082700),0.755000 (0.672300 + 0.082700),0.751500 (0.668700 + 0.082800),0.741500 (0.658800 + 0.082700),0.746900 (0.664200 + 0.082700),0.744800 (0.662400 + 0.082400),0.752400 (0.669600 + 0.082800),0.741800 (0.658800 + 0.083000),0.747700 (0.665100 + 0.082600),0.756700 (0.674100 + 0.082600),0.754000 (0.671400 + 0.082600),0.649100 (0.567000 + 0.082100),0.736700 (0.654300 + 0.082400),0.737700 (0.655200 + 0.082500),0.656600 (0.574200 + 0.082400),0.732500 (0.649800 + 0.082700),0.743200 (0.660600 + 0.082600),0.750500 (0.667800 + 0.082700),0.755100 (0.672300 + 0.082800),0.736700 (0.654300 + 0.082400),0.738800 (0.656100 + 0.082700),0.734400 (0.651600 + 0.082800),0.738800 (0.656100 + 0.082700),0.755100 (0.672300 + 0.082800),0.751500 (0.668700 + 0.082800),0.741400 (0.658800 + 0.082600),0.734900 (0.652500 + 0.082400),0.755000 (0.672300 + 0.082700),0.742400 (0.659700 + 0.082700),0.754000 (0.671400 + 0.082600),0.745900 (0.663300 + 0.082600),0.754100 (0.671400 + 0.082700),0.725200 (0.642600 + 0.082600),0.749600 (0.666900 + 0.082700),0.740600 (0.657900 + 0.082700),0.731600 (0.648900 + 0.082700),0.741500 (0.658800 + 0.082700),0.739900 (0.657000 + 0.082900),0.738800 (0.656100 + 0.082700),0.671900 (0.589500 + 0.082400),0.749700 (0.666900 + 0.082800)
42,0.751300 (0.668700 + 0.082600),0.666700 (0.584100 + 0.082600),0.747900 (0.665100 + 0.082800),0.701800 (0.619200 + 0.082600),0.741500 (0.658800 + 0.082700),0.754300 (0.671400 + 0.082900),0.746000 (0.663300 + 0.082700),0.747400 (0.665100 + 0.082300),0.756000 (0.673200 + 0.082800),0.746000 (0.663300 + 0.082700),0.748000 (0.665100 + 0.082900),0.747900 (0.665100 + 0.082800),0.744200 (0.661500 + 0.082700),0.749500 (0.666900 + 0.082600),0.742100 (0.659700 + 0.082400),0.754000 (0.671400 + 0.082600),0.747800 (0.665100 + 0.082700),0.747900 (0.665100 + 0.082800),0.716900 (0.634500 + 0.082400),0.755900 (0.673200 + 0.082700),0.744200 (0.661500 + 0.082700),0.746000 (0.663300 + 0.082700),0.688500 (0.605700 + 0.082800),0.741600 (0.658800 + 0.082800),0.630600 (0.548100 + 0.082500),0.750300 (0.667800 + 0.082500),0.750700 (0.667800 + 0.082900),0.755900 (0.673200 + 0.082700),0.691100 (0.608400 + 0.082700),0.747900 (0.665100 + 0.082800),0.747900 (0.665100 + 0.082800),0.744200 (0.661500 + 0.082700),0.757600 (0.675000 + 0.082600),0.743400 (0.660600 + 0.082800),0.693400 (0.611100 + 0.082300),0.747900 (0.665100 + 0.082800),0.629800 (0.547200 + 0.082600),0.746900 (0.664200 + 0.082700),0.727100 (0.644400 + 0.082700),0.749700 (0.666900 + 0.082800),0.745200 (0.662400 + 0.082800),0.749700 (0.666900 + 0.082800),0.750300 (0.667800 + 0.082500),0.745000 (0.662400 + 0.082600),0.765700 (0.683100 + 0.082600),0.744200 (0.661500 + 0.082700),0.746000 (0.663300 + 0.082700),0.712600 (0.630000 + 0.082600),0.748700 (0.666000 + 0.082700),0.750500 (0.667800 + 0.082700),0.747900 (0.665100 + 0.082800),0.754900 (0.672300 + 0.082600),0.719900 (0.637200 + 0.082700),0.761200 (0.678600 + 0.082600),0.750500 (0.667800 + 0.082700),0.754000 (0.671400 + 0.082600),0.755900 (0.673200 + 0.082700),0.750300 (0.667800 + 0.082500),0.749700 (0.666900 + 0.082800),0.750400 (0.667800 + 0.082600),0.755900 (0.673200 + 0.082700),0.747800 (0.665100 + 0.082700),0.749600 (0.666900 + 0.082700),0.750500 (0.667800 + 0.082700),0.751500 (0.668700 + 0.082800),0.746700 (0.664200 + 0.082500),0.746900 (0.664200 + 0.082700),0.751500 (0.668700 + 0.082800),0.743300 (0.660600 + 0.082700),0.750500 (0.667800 + 0.082700),0.745700 (0.663300 + 0.082400),0.746800 (0.664200 + 0.082600),0.756800 (0.674100 + 0.082700),0.747900 (0.665100 + 0.082800),0.744400 (0.661500 + 0.082900),0.753800 (0.671400 + 0.082400),0.748800 (0.666000 + 0.082800),0.750500 (0.667800 + 0.082700),0.747900 (0.665100 + 0.082800),0.747700 (0.665100 + 0.082600),0.745000 (0.662400 + 0.082600),0.753300 (0.670500 + 0.082800),0.721400 (0.639000 + 0.082400),0.756800 (0.674100 + 0.082700),0.750500 (0.667800 + 0.082700),0.751400 (0.668700 + 0.082700),0.750500 (0.667800 + 0.082700),0.750500 (0.667800 + 0.082700),0.730700 (0.648000 + 0.082700),0.753200 (0.670500 + 0.082700),0.752200 (0.669600 + 0.082600),0.759400 (0.676800 + 0.082600),0.747700 (0.665100 + 0.082600),0.750500 (0.667800 + 0.082700),0.741400 (0.658800 + 0.082600),0.746800 (0.664200 + 0.082600),0.747900 (0.665100 + 0.082800),0.743300 (0.660600 + 0.082700),0.750500 (0.667800 + 0.082700),0.750500 (0.667800 + 0.082700)
43,0.752200 (0.669600 + 0.082600),0.752200 (0.669600 + 0.082600),0.753200 (0.670500 + 0.082700),0.767600 (0.684900 + 0.082700),0.752400 (0.669600 + 0.082800),0.756800 (0.674100 + 0.082700),0.750500 (0.667800 + 0.082700),0.756800 (0.674100 + 0.082700),0.747700 (0.665100 + 0.082600),0.763100 (0.680400 + 0.082700),0.754800 (0.672300 + 0.082500),0.752200 (0.669600 + 0.082600),0.753200 (0.670500 + 0.082700),0.758600 (0.675900 + 0.082700),0.752100 (0.669600 + 0.082500),0.758500 (0.675900 + 0.082600),0.672000 (0.589500 + 0.082500),0.724300 (0.641700 + 0.082600),0.768400 (0.685800 + 0.082600),0.766600 (0.684000 + 0.082600),0.755000 (0.672300 + 0.082700),0.754000 (0.671400 + 0.082600),0.764000 (0.681300 + 0.082700),0.748600 (0.666000 + 0.082600),0.750500 (0.667800 + 0.082700),0.761300 (0.678600 + 0.082700),0.756900 (0.674100 + 0.082800),0.764000 (0.681300 + 0.082700),0.755000 (0.672300 + 0.082700),0.747700 (0.665100 + 0.082600),0.760500 (0.677700 + 0.082800),0.756800 (0.674100 + 0.082700),0.755000 (0.672300 + 0.082700),0.752400 (0.669600 + 0.082800),0.752900 (0.670500 + 0.082400),0.752400 (0.669600 + 0.082800),0.760500 (0.677700 + 0.082800),0.751400 (0.668700 + 0.082700),0.763000 (0.680400 + 0.082600),0.761200 (0.678600 + 0.082600),0.758700 (0.675900 + 0.082800),0.748600 (0.666000 + 0.082600),0.756800 (0.674100 + 0.082700),0.752900 (0.670500 + 0.082400),0.760400 (0.677700 + 0.082700),0.750500 (0.667800 + 0.082700),0.756800 (0.674100 + 0.082700),0.753900 (0.671400 + 0.082500),0.759400 (0.676800 + 0.082600),0.756100 (0.673200 + 0.082900),0.748000 (0.665100 + 0.082900),0.764000 (0.681300 + 0.082700),0.756700 (0.674100 + 0.082600),0.749500 (0.666900 + 0.082600),0.758300 (0.675900 + 0.082400),0.747800 (0.665100 + 0.082700),0.754100 (0.671400 + 0.082700),0.756800 (0.674100 + 0.082700),0.748600 (0.666000 + 0.082600),0.749900 (0.666900 + 0.083000),0.759300 (0.676800 + 0.082500),0.752400 (0.669600 + 0.082800),0.750500 (0.667800 + 0.082700),0.756800 (0.674100 + 0.082700),0.758600 (0.675900 + 0.082700),0.773800 (0.691200 + 0.082600),0.759500 (0.676800 + 0.082700),0.756800 (0.674100 + 0.082700),0.755100 (0.672300 + 0.082800),0.744300 (0.661500 + 0.082800),0.752000 (0.669600 + 0.082400),0.756800 (0.674100 + 0.082700),0.760500 (0.677700 + 0.082800),0.763800 (0.681300 + 0.082500),0.743100 (0.660600 + 0.082500),0.703200 (0.621000 + 0.082200),0.749400 (0.666900 + 0.082500),0.759500 (0.676800 + 0.082700),0.751100 (0.668700 + 0.082400),0.756800 (0.674100 + 0.082700),0.756800 (0.674100 + 0.082700),0.753200 (0.670500 + 0.082700),0.764000 (0.681300 + 0.082700),0.756800 (0.674100 + 0.082700),0.756800 (0.674100 + 0.082700),0.680200 (0.597600 + 0.082600),0.745000 (0.662400 + 0.082600),0.751100 (0.668700 + 0.082400),0.693000 (0.610200 + 0.082800),0.758800 (0.675900 + 0.082900),0.757600 (0.675000 + 0.082600),0.765900 (0.683100 + 0.082800),0.750400 (0.667800 + 0.082600),0.752400 (0.669600 + 0.082800),0.662900 (0.580500 + 0.082400),0.752400 (0.669600 + 0.082800),0.752200 (0.669600 + 0.082600),0.766800 (0.684000 + 0.082800),0.752000 (0.669600 + 0.082400),0.755800 (0.673200 + 0.082600)
44,0.751300 (0.668700 + 0.082600),0.737900 (0.655200 + 0.082700),0.738800 (0.656100 + 0.082700),0.738000 (0.655200 + 0.082800),0.733600 (0.650700 + 0.082900),0.738800 (0.656100 + 0.082700),0.738800 (0.656100 + 0.082700),0.755000 (0.672300 + 0.082700),0.739800 (0.657000 + 0.082800),0.732100 (0.649800 + 0.082300),0.738700 (0.656100 + 0.082600),0.737200 (0.654300 + 0.082900),0.739800 (0.657000 + 0.082800),0.744200 (0.661500 + 0.082700),0.736000 (0.653400 + 0.082600),0.748700 (0.666000 + 0.082700),0.740600 (0.657900 + 0.082700),0.737900 (0.655200 + 0.082700),0.737900 (0.655200 + 0.082700),0.740600 (0.657900 + 0.082700),0.733500 (0.650700 + 0.082800),0.739500 (0.657000 + 0.082500),0.746100 (0.663300 + 0.082800),0.683100 (0.600300 + 0.082800),0.755100 (0.672300 + 0.082800),0.741600 (0.658800 + 0.082800),0.737900 (0.655200 + 0.082700),0.707900 (0.625500 + 0.082400),0.737900 (0.655200 + 0.082700),0.723400 (0.640800 + 0.082600),0.732600 (0.649800 + 0.082800),0.736000 (0.653400 + 0.082600),0.741500 (0.658800 + 0.082700),0.750500 (0.667800 + 0.082700),0.723200 (0.640800 + 0.082400),0.734900 (0.652500 + 0.082400),0.736200 (0.653400 + 0.082800),0.671200 (0.588600 + 0.082600),0.742300 (0.659700 + 0.082600),0.735400 (0.652500 + 0.082900),0.736900 (0.654300 + 0.082600),0.737900 (0.655200 + 0.082700),0.737900 (0.655200 + 0.082700),0.741400 (0.658800 + 0.082600),0.740500 (0.657900 + 0.082600),0.715400 (0.632700 + 0.082700),0.730600 (0.648000 + 0.082600),0.730600 (0.648000 + 0.082600),0.744100 (0.661500 + 0.082600),0.738700 (0.656100 + 0.082600),0.737900 (0.655200 + 0.082700),0.686400 (0.603900 + 0.082500),0.738700 (0.656100 + 0.082600),0.739600 (0.657000 + 0.082600),0.748700 (0.666000 + 0.082700),0.737100 (0.654300 + 0.082800),0.739600 (0.657000 + 0.082600),0.744200 (0.661500 + 0.082700),0.738000 (0.655200 + 0.082800),0.745900 (0.663300 + 0.082600),0.739700 (0.657000 + 0.082700),0.731600 (0.648900 + 0.082700),0.746800 (0.664200 + 0.082600),0.738000 (0.655200 + 0.082800),0.740600 (0.657900 + 0.082700),0.731700 (0.648900 + 0.082800),0.737700 (0.655200 + 0.082500),0.736800 (0.654300 + 0.082500),0.741600 (0.658800 + 0.082800),0.740700 (0.657900 + 0.082800),0.725100 (0.642600 + 0.082500),0.739800 (0.657000 + 0.082800),0.732500 (0.649800 + 0.082700),0.739800 (0.657000 + 0.082800),0.734900 (0.652500 + 0.082400),0.755100 (0.672300 + 0.082800),0.724300 (0.641700 + 0.082600),0.737900 (0.655200 + 0.082700),0.738000 (0.655200 + 0.082800),0.659600 (0.576900 + 0.082700),0.738000 (0.655200 + 0.082800),0.734300 (0.651600 + 0.082700),0.659200 (0.576900 + 0.082300),0.748900 (0.666000 + 0.082900),0.736800 (0.654300 + 0.082500),0.737900 (0.655200 + 0.082700),0.737900 (0.655200 + 0.082700),0.737900 (0.655200 + 0.082700),0.645900 (0.563400 + 0.082500),0.749600 (0.666900 + 0.082700),0.760300 (0.677700 + 0.082600),0.747800 (0.665100 + 0.082700),0.737900 (0.655200 + 0.082700),0.730600 (0.648000 + 0.082600),0.747700 (0.665100 + 0.082600),0.727800 (0.645300 + 0.082500),0.745100 (0.662400 + 0.082700),0.737900 (0.655200 + 0.082700),0.738700 (0.656100 + 0.082600),0.739800 (0.657000 + 0.082800)
45,0.729700 (0.647100 + 0.082600),0.724400 (0.641700 + 0.082700),0.745900 (0.663300 + 0.082600),0.749600 (0.666900 + 0.082700),0.754900 (0.672300 + 0.082600),0.752100 (0.669600 + 0.082500),0.747100 (0.664200 + 0.082900),0.756000 (0.673200 + 0.082800),0.751400 (0.668700 + 0.082700),0.747700 (0.665100 + 0.082600),0.748600 (0.666000 + 0.082600),0.724500 (0.641700 + 0.082800),0.743900 (0.661500 + 0.082400),0.763200 (0.680400 + 0.082800),0.751400 (0.668700 + 0.082700),0.743300 (0.660600 + 0.082700),0.744400 (0.661500 + 0.082900),0.741600 (0.658800 + 0.082800),0.749500 (0.666900 + 0.082600),0.728000 (0.645300 + 0.082700),0.750500 (0.667800 + 0.082700),0.726700 (0.644400 + 0.082300),0.750400 (0.667800 + 0.082600),0.749700 (0.666900 + 0.082800),0.758700 (0.675900 + 0.082800),0.754900 (0.672300 + 0.082600),0.729700 (0.647100 + 0.082600),0.754100 (0.671400 + 0.082700),0.758700 (0.675900 + 0.082800),0.736800 (0.654300 + 0.082500),0.751300 (0.668700 + 0.082600),0.747100 (0.664200 + 0.082900),0.758700 (0.675900 + 0.082800),0.730800 (0.648000 + 0.082800),0.745000 (0.662400 + 0.082600),0.748800 (0.666000 + 0.082800),0.753300 (0.670500 + 0.082800),0.744200 (0.661500 + 0.082700),0.755000 (0.672300 + 0.082700),0.763300 (0.680400 + 0.082900),0.751400 (0.668700 + 0.082700),0.735900 (0.653400 + 0.082500),0.741500 (0.658800 + 0.082700),0.749700 (0.666900 + 0.082800),0.752200 (0.669600 + 0.082600),0.755000 (0.672300 + 0.082700),0.755000 (0.672300 + 0.082700),0.741500 (0.658800 + 0.082700),0.747800 (0.665100 + 0.082700),0.754900 (0.672300 + 0.082600),0.736100 (0.653400 + 0.082700),0.749500 (0.666900 + 0.082600),0.758700 (0.675900 + 0.082800),0.735100 (0.652500 + 0.082600),0.747900 (0.665100 + 0.082800),0.729000 (0.646200 + 0.082800),0.756900 (0.674100 + 0.082800),0.750500 (0.667800 + 0.082700),0.663000 (0.580500 + 0.082500),0.736200 (0.653400 + 0.082800),0.759600 (0.676800 + 0.082800),0.757700 (0.675000 + 0.082700),0.731500 (0.648900 + 0.082600),0.756000 (0.673200 + 0.082800),0.704500 (0.621900 + 0.082600),0.751300 (0.668700 + 0.082600),0.754200 (0.671400 + 0.082800),0.744900 (0.662400 + 0.082500),0.758700 (0.675900 + 0.082800),0.758700 (0.675900 + 0.082800),0.729700 (0.647100 + 0.082600),0.754100 (0.671400 + 0.082700),0.745000 (0.662400 + 0.082600),0.753300 (0.670500 + 0.082800),0.734200 (0.651600 + 0.082600),0.746000 (0.663300 + 0.082700),0.758700 (0.675900 + 0.082800),0.739700 (0.657000 + 0.082700),0.749700 (0.666900 + 0.082800),0.746900 (0.664200 + 0.082700),0.749500 (0.666900 + 0.082600),0.746900 (0.664200 + 0.082700),0.733400 (0.650700 + 0.082700),0.716600 (0.633600 + 0.083000),0.711700 (0.629100 + 0.082600),0.744200 (0.661500 + 0.082700),0.756000 (0.673200 + 0.082800),0.757800 (0.675000 + 0.082800),0.755000 (0.672300 + 0.082700),0.735900 (0.653400 + 0.082500),0.739800 (0.657000 + 0.082800),0.738000 (0.655200 + 0.082800),0.742400 (0.659700 + 0.082700),0.748700 (0.666000 + 0.082700),0.756700 (0.674100 + 0.082600),0.758700 (0.675900 + 0.082800),0.747000 (0.664200 + 0.082800),0.751300 (0.668700 + 0.082600),0.705300 (0.622800 + 0.082500),0.685700 (0.603000 + 0.082700)
46,0.758800 (0.675900 + 0.082900),0.667800 (0.585000 + 0.082800),0.757800 (0.675000 + 0.082800),0.747900 (0.665100 + 0.082800),0.738700 (0.656100 + 0.082600),0.763000 (0.680400 + 0.082600),0.753100 (0.670500 + 0.082600),0.758600 (0.675900 + 0.082700),0.759400 (0.676800 + 0.082600),0.763200 (0.680400 + 0.082800),0.734300 (0.651600 + 0.082700),0.758800 (0.675900 + 0.082900),0.763200 (0.680400 + 0.082800),0.757700 (0.675000 + 0.082700),0.753200 (0.670500 + 0.082700),0.756700 (0.674100 + 0.082600),0.759500 (0.676800 + 0.082700),0.765000 (0.682200 + 0.082800),0.730700 (0.648000 + 0.082700),0.765000 (0.682200 + 0.082800),0.735100 (0.652500 + 0.082600),0.747800 (0.665100 + 0.082700),0.763200 (0.680400 + 0.082800),0.763200 (0.680400 + 0.082800),0.716900 (0.634500 + 0.082400),0.756700 (0.674100 + 0.082600),0.758600 (0.675900 + 0.082700),0.753200 (0.670500 + 0.082700),0.762300 (0.679500 + 0.082800),0.758600 (0.675900 + 0.082700),0.764000 (0.681300 + 0.082700),0.760400 (0.677700 + 0.082700),0.744300 (0.661500 + 0.082800),0.761400 (0.678600 + 0.082800),0.753300 (0.670500 + 0.082800),0.757800 (0.675000 + 0.082800),0.729600 (0.647100 + 0.082500),0.765800 (0.683100 + 0.082700),0.763100 (0.680400 + 0.082700),0.762300 (0.679500 + 0.082800),0.761200 (0.678600 + 0.082600),0.752200 (0.669600 + 0.082600),0.744200 (0.661500 + 0.082700),0.703800 (0.621000 + 0.082800),0.755800 (0.673200 + 0.082600),0.682100 (0.599400 + 0.082700),0.737900 (0.655200 + 0.082700),0.757700 (0.675000 + 0.082700),0.756800 (0.674100 + 0.082700),0.763200 (0.680400 + 0.082800),0.765900 (0.683100 + 0.082800),0.754900 (0.672300 + 0.082600),0.759500 (0.676800 + 0.082700),0.758600 (0.675900 + 0.082700),0.762300 (0.679500 + 0.082800),0.764000 (0.681300 + 0.082700),0.758600 (0.675900 + 0.082700),0.761300 (0.678600 + 0.082700),0.761200 (0.678600 + 0.082600),0.754000 (0.671400 + 0.082600),0.759500 (0.676800 + 0.082700),0.751200 (0.668700 + 0.082500),0.762100 (0.679500 + 0.082600),0.682800 (0.600300 + 0.082500),0.759500 (0.676800 + 0.082700),0.762300 (0.679500 + 0.082800),0.764800 (0.682200 + 0.082600),0.676700 (0.594000 + 0.082700),0.623500 (0.540900 + 0.082600),0.758500 (0.675900 + 0.082600),0.754200 (0.671400 + 0.082800),0.759500 (0.676800 + 0.082700),0.761400 (0.678600 + 0.082800),0.762300 (0.679500 + 0.082800),0.752300 (0.669600 + 0.082700),0.756900 (0.674100 + 0.082800),0.764000 (0.681300 + 0.082700),0.696600 (0.613800 + 0.082800),0.761400 (0.678600 + 0.082800),0.755000 (0.672300 + 0.082700),0.761400 (0.678600 + 0.082800),0.754100 (0.671400 + 0.082700),0.757800 (0.675000 + 0.082800),0.757500 (0.675000 + 0.082500),0.763900 (0.681300 + 0.082600),0.759400 (0.676800 + 0.082600),0.748700 (0.666000 + 0.082700),0.753100 (0.670500 + 0.082600),0.758600 (0.675900 + 0.082700),0.760400 (0.677700 + 0.082700),0.758600 (0.675900 + 0.082700),0.761500 (0.678600 + 0.082900),0.757700 (0.675000 + 0.082700),0.761500 (0.678600 + 0.082900),0.756800 (0.674100 + 0.082700),0.763200 (0.680400 + 0.082800),0.759500 (0.676800 + 0.082700),0.761400 (0.678600 + 0.082800),0.763200 (0.680400 + 0.082800),0.759500 (0.676800 + 0.082700)
47,0.745200 (0.662400 + 0.082800),0.750700 (0.667800 + 0.082900),0.739800 (0.657000 + 0.082800),0.742400 (0.659700 + 0.082700),0.737800 (0.655200 + 0.082600),0.744300 (0.661500 + 0.082800),0.736000 (0.653400 + 0.082600),0.732500 (0.649800 + 0.082700),0.746000 (0.663300 + 0.082700),0.746800 (0.664200 + 0.082600),0.748700 (0.666000 + 0.082700),0.745200 (0.662400 + 0.082800),0.744200 (0.661500 + 0.082700),0.743400 (0.660600 + 0.082800),0.745200 (0.662400 + 0.082800),0.744200 (0.661500 + 0.082700),0.690800 (0.608400 + 0.082400),0.750500 (0.667800 + 0.082700),0.752200 (0.669600 + 0.082600),0.746100 (0.663300 + 0.082800),0.749700 (0.666900 + 0.082800),0.748800 (0.666000 + 0.082800),0.744400 (0.661500 + 0.082900),0.739800 (0.657000 + 0.082800),0.745000 (0.662400 + 0.082600),0.743300 (0.660600 + 0.082700),0.738600 (0.656100 + 0.082500),0.747700 (0.665100 + 0.082600),0.747800 (0.665100 + 0.082700),0.735100 (0.652500 + 0.082600),0.741400 (0.658800 + 0.082600),0.749700 (0.666900 + 0.082800),0.733300 (0.650700 + 0.082600),0.736000 (0.653400 + 0.082600),0.743400 (0.660600 + 0.082800),0.746800 (0.664200 + 0.082600),0.701900 (0.619200 + 0.082700),0.695300 (0.612900 + 0.082400),0.740700 (0.657900 + 0.082800),0.745200 (0.662400 + 0.082800),0.746900 (0.664200 + 0.082700),0.738900 (0.656100 + 0.082800),0.743500 (0.660600 + 0.082900),0.738900 (0.656100 + 0.082800),0.743300 (0.660600 + 0.082700),0.738900 (0.656100 + 0.082800),0.743400 (0.660600 + 0.082800),0.691900 (0.609300 + 0.082600),0.747000 (0.664200 + 0.082800),0.747800 (0.665100 + 0.082700),0.741600 (0.658800 + 0.082800),0.747800 (0.665100 + 0.082700),0.747600 (0.665100 + 0.082500),0.743300 (0.660600 + 0.082700),0.658600 (0.576000 + 0.082600),0.745900 (0.663300 + 0.082600),0.743300 (0.660600 + 0.082700),0.743400 (0.660600 + 0.082800),0.743300 (0.660600 + 0.082700),0.741600 (0.658800 + 0.082800),0.747800 (0.665100 + 0.082700),0.747900 (0.665100 + 0.082800),0.733500 (0.650700 + 0.082800),0.710700 (0.628200 + 0.082500),0.698200 (0.615600 + 0.082600),0.742400 (0.659700 + 0.082700),0.735300 (0.652500 + 0.082800),0.748700 (0.666000 + 0.082700),0.733500 (0.650700 + 0.082800),0.747800 (0.665100 + 0.082700),0.747000 (0.664200 + 0.082800),0.741400 (0.658800 + 0.082600),0.718000 (0.635400 + 0.082600),0.738900 (0.656100 + 0.082800),0.748800 (0.666000 + 0.082800),0.745200 (0.662400 + 0.082800),0.743400 (0.660600 + 0.082800),0.739600 (0.657000 + 0.082600),0.741500 (0.658800 + 0.082700),0.743300 (0.660600 + 0.082700),0.740700 (0.657900 + 0.082800),0.747800 (0.665100 + 0.082700),0.747700 (0.665100 + 0.082600),0.748800 (0.666000 + 0.082800),0.740600 (0.657900 + 0.082700),0.748600 (0.666000 + 0.082600),0.749500 (0.666900 + 0.082600),0.754200 (0.671400 + 0.082800),0.741500 (0.658800 + 0.082700),0.740700 (0.657900 + 0.082800),0.746900 (0.664200 + 0.082700),0.743300 (0.660600 + 0.082700),0.746900 (0.664200 + 0.082700),0.751400 (0.668700 + 0.082700),0.745200 (0.662400 + 0.082800),0.747900 (0.665100 + 0.082800),0.741400 (0.658800 + 0.082600),0.656700 (0.574200 + 0.082500),0.740500 (0.657900 + 0.082600),0.748600 (0.666000 + 0.082600)
48,0.768600 (0.685800 + 0.082800),0.764100 (0.681300 + 0.082800),0.704700 (0.621900 + 0.082800),0.768400 (0.685800 + 0.082600),0.768600 (0.685800 + 0.082800),0.765800 (0.683100 + 0.082700),0.758700 (0.675900 + 0.082800),0.762300 (0.679500 + 0.082800),0.762300 (0.679500 + 0.082800),0.764000 (0.681300 + 0.082700),0.764700 (0.682200 + 0.082500),0.769400 (0.686700 + 0.082700),0.771300 (0.688500 + 0.082800),0.765900 (0.683100 + 0.082800),0.769300 (0.686700 + 0.082600),0.768600 (0.685800 + 0.082800),0.765800 (0.683100 + 0.082700),0.772200 (0.689400 + 0.082800),0.687500 (0.604800 + 0.082700),0.765800 (0.683100 + 0.082700),0.738600 (0.656100 + 0.082500),0.763100 (0.680400 + 0.082700),0.765600 (0.683100 + 0.082500),0.764900 (0.682200 + 0.082700),0.765800 (0.683100 + 0.082700),0.763200 (0.680400 + 0.082800),0.758700 (0.675900 + 0.082800),0.764900 (0.682200 + 0.082700),0.768400 (0.685800 + 0.082600),0.771300 (0.688500 + 0.082800),0.766600 (0.684000 + 0.082600),0.752300 (0.669600 + 0.082700),0.772000 (0.689400 + 0.082600),0.757900 (0.675000 + 0.082900),0.769500 (0.686700 + 0.082800),0.737100 (0.654300 + 0.082800),0.759400 (0.676800 + 0.082600),0.760300 (0.677700 + 0.082600),0.765000 (0.682200 + 0.082800),0.752300 (0.669600 + 0.082700),0.759500 (0.676800 + 0.082700),0.754800 (0.672300 + 0.082500),0.766600 (0.684000 + 0.082600),0.702100 (0.619200 + 0.082900),0.753300 (0.670500 + 0.082800),0.770300 (0.687600 + 0.082700),0.768600 (0.685800 + 0.082800),0.720000 (0.637200 + 0.082800),0.759500 (0.676800 + 0.082700),0.699300 (0.616500 + 0.082800),0.650500 (0.567900 + 0.082600),0.772200 (0.689400 + 0.082800),0.716200 (0.633600 + 0.082600),0.764800 (0.682200 + 0.082600),0.763100 (0.680400 + 0.082700),0.749600 (0.666900 + 0.082700),0.766700 (0.684000 + 0.082700),0.763100 (0.680400 + 0.082700),0.762300 (0.679500 + 0.082800),0.771300 (0.688500 + 0.082800),0.766600 (0.684000 + 0.082600),0.764800 (0.682200 + 0.082600),0.769400 (0.686700 + 0.082700),0.770400 (0.687600 + 0.082800),0.763200 (0.680400 + 0.082800),0.682200 (0.599400 + 0.082800),0.767700 (0.684900 + 0.082800),0.768400 (0.685800 + 0.082600),0.761300 (0.678600 + 0.082700),0.766800 (0.684000 + 0.082800),0.768400 (0.685800 + 0.082600),0.767600 (0.684900 + 0.082700),0.758500 (0.675900 + 0.082600),0.756000 (0.673200 + 0.082800),0.768400 (0.685800 + 0.082600),0.763200 (0.680400 + 0.082800),0.763000 (0.680400 + 0.082600),0.704800 (0.621900 + 0.082900),0.765900 (0.683100 + 0.082800),0.764900 (0.682200 + 0.082700),0.762300 (0.679500 + 0.082800),0.764800 (0.682200 + 0.082600),0.763100 (0.680400 + 0.082700),0.759500 (0.676800 + 0.082700),0.758700 (0.675900 + 0.082800),0.754900 (0.672300 + 0.082600),0.765200 (0.682200 + 0.083000),0.764800 (0.682200 + 0.082600),0.761400 (0.678600 + 0.082800),0.770200 (0.687600 + 0.082600),0.767700 (0.684900 + 0.082800),0.773000 (0.690300 + 0.082700),0.757700 (0.675000 + 0.082700),0.768400 (0.685800 + 0.082600),0.740700 (0.657900 + 0.082800),0.771200 (0.688500 + 0.082700),0.771300 (0.688500 + 0.082800),0.764900 (0.682200 + 0.082700),0.761400 (0.678600 + 0.082800),0.771300 (0.688500 + 0.082800)
49,0.623400 (0.540900 + 0.082500),0.747900 (0.665100 + 0.082800),0.755900 (0.673200 + 0.082700),0.751300 (0.668700 + 0.082600),0.738900 (0.656100 + 0.082800),0.752200 (0.669600 + 0.082600),0.748600 (0.666000 + 0.082600),0.753100 (0.670500 + 0.082600),0.750300 (0.667800 + 0.082500),0.755000 (0.672300 + 0.082700),0.755000 (0.672300 + 0.082700),0.753300 (0.670500 + 0.082800),0.697500 (0.614700 + 0.082800),0.751500 (0.668700 + 0.082800),0.752200 (0.669600 + 0.082600),0.708100 (0.625500 + 0.082600),0.754200 (0.671400 + 0.082800),0.751500 (0.668700 + 0.082800),0.748800 (0.666000 + 0.082800),0.751500 (0.668700 + 0.082800),0.736900 (0.654300 + 0.082600),0.751500 (0.668700 + 0.082800),0.751200 (0.668700 + 0.082500),0.744900 (0.662400 + 0.082500),0.745200 (0.662400 + 0.082800),0.742400 (0.659700 + 0.082700),0.748600 (0.666000 + 0.082600),0.747900 (0.665100 + 0.082800),0.697500 (0.614700 + 0.082800),0.728100 (0.645300 + 0.082800),0.743200 (0.660600 + 0.082600),0.744300 (0.661500 + 0.082800),0.752300 (0.669600 + 0.082700),0.747700 (0.665100 + 0.082600),0.705400 (0.622800 + 0.082600),0.752200 (0.669600 + 0.082600),0.753300 (0.670500 + 0.082800),0.714500 (0.631800 + 0.082700),0.757800 (0.675000 + 0.082800),0.753300 (0.670500 + 0.082800),0.745800 (0.663300 + 0.082500),0.749700 (0.666900 + 0.082800),0.682900 (0.600300 + 0.082600),0.746000 (0.663300 + 0.082700),0.747000 (0.664200 + 0.082800),0.747700 (0.665100 + 0.082600),0.751500 (0.668700 + 0.082800),0.747700 (0.665100 + 0.082600),0.740600 (0.657900 + 0.082700),0.753000 (0.670500 + 0.082500),0.753300 (0.670500 + 0.082800),0.747700 (0.665100 + 0.082600),0.751500 (0.668700 + 0.082800),0.751400 (0.668700 + 0.082700),0.749600 (0.666900 + 0.082700),0.751500 (0.668700 + 0.082800),0.751500 (0.668700 + 0.082800),0.749700 (0.666900 + 0.082800),0.742400 (0.659700 + 0.082700),0.752300 (0.669600 + 0.082700),0.703800 (0.621000 + 0.082800),0.755200 (0.672300 + 0.082900),0.748600 (0.666000 + 0.082600),0.749500 (0.666900 + 0.082600),0.747700 (0.665100 + 0.082600),0.756000 (0.673200 + 0.082800),0.754200 (0.671400 + 0.082800),0.753300 (0.670500 + 0.082800),0.747700 (0.665100 + 0.082600),0.742500 (0.659700 + 0.082800),0.758500 (0.675900 + 0.082600),0.746900 (0.664200 + 0.082700),0.753300 (0.670500 + 0.082800),0.753200 (0.670500 + 0.082700),0.752500 (0.669600 + 0.082900),0.753200 (0.670500 + 0.082700),0.749800 (0.666900 + 0.082900),0.746100 (0.663300 + 0.082800),0.753300 (0.670500 + 0.082800),0.753200 (0.670500 + 0.082700),0.747700 (0.665100 + 0.082600),0.751500 (0.668700 + 0.082800),0.744900 (0.662400 + 0.082500),0.751400 (0.668700 + 0.082700),0.753100 (0.670500 + 0.082600),0.753300 (0.670500 + 0.082800),0.736900 (0.654300 + 0.082600),0.753300 (0.670500 + 0.082800),0.751400 (0.668700 + 0.082700),0.631800 (0.549000 + 0.082800),0.755000 (0.672300 + 0.082700),0.741400 (0.658800 + 0.082600),0.736900 (0.654300 + 0.082600),0.753300 (0.670500 + 0.082800),0.759500 (0.676800 + 0.082700),0.751400 (0.668700 + 0.082700),0.708800 (0.626400 + 0.082400),0.757700 (0.675000 + 0.082700),0.749600 (0.666900 + 0.082700),0.751500 (0.668700 + 0.082800)
50,0.769400 (0.686700 + 0.082700),0.763200 (0.680400 + 0.082800),0.764100 (0.681300 + 0.082800),0.764000 (0.681300 + 0.082700),0.752300 (0.669600 + 0.082700),0.764000 (0.681300 + 0.082700),0.708100 (0.625500 + 0.082600),0.761500 (0.678600 + 0.082900),0.755900 (0.673200 + 0.082700),0.765000 (0.682200 + 0.082800),0.738700 (0.656100 + 0.082600),0.759600 (0.676800 + 0.082800),0.759400 (0.676800 + 0.082600),0.611100 (0.528300 + 0.082800),0.762300 (0.679500 + 0.082800),0.769400 (0.686700 + 0.082700),0.759400 (0.676800 + 0.082600),0.763000 (0.680400 + 0.082600),0.764900 (0.682200 + 0.082700),0.638700 (0.556200 + 0.082500),0.761200 (0.678600 + 0.082600),0.765600 (0.683100 + 0.082500),0.760500 (0.677700 + 0.082800),0.751600 (0.668700 + 0.082900),0.762000 (0.679500 + 0.082500),0.763000 (0.680400 + 0.082600),0.759600 (0.676800 + 0.082800),0.755000 (0.672300 + 0.082700),0.770400 (0.687600 + 0.082800),0.767800 (0.684900 + 0.082900),0.765700 (0.683100 + 0.082600),0.769400 (0.686700 + 0.082700),0.755900 (0.673200 + 0.082700),0.760400 (0.677700 + 0.082700),0.762200 (0.679500 + 0.082700),0.765700 (0.683100 + 0.082600),0.751400 (0.668700 + 0.082700),0.764000 (0.681300 + 0.082700),0.758700 (0.675900 + 0.082800),0.721600 (0.639000 + 0.082600),0.763200 (0.680400 + 0.082800),0.764100 (0.681300 + 0.082800),0.763200 (0.680400 + 0.082800),0.763000 (0.680400 + 0.082600),0.766800 (0.684000 + 0.082800),0.727100 (0.644400 + 0.082700),0.760300 (0.677700 + 0.082600),0.763200 (0.680400 + 0.082800),0.760400 (0.677700 + 0.082700),0.763200 (0.680400 + 0.082800),0.760500 (0.677700 + 0.082800),0.723500 (0.640800 + 0.082700),0.733400 (0.650700 + 0.082700),0.763300 (0.680400 + 0.082900),0.760500 (0.677700 + 0.082800),0.750400 (0.667800 + 0.082600),0.763200 (0.680400 + 0.082800),0.711700 (0.629100 + 0.082600),0.709100 (0.626400 + 0.082700),0.763200 (0.680400 + 0.082800),0.764100 (0.681300 + 0.082800),0.713800 (0.630900 + 0.082900),0.763200 (0.680400 + 0.082800),0.755000 (0.672300 + 0.082700),0.764100 (0.681300 + 0.082800),0.758600 (0.675900 + 0.082700),0.754100 (0.671400 + 0.082700),0.701600 (0.619200 + 0.082400),0.762100 (0.679500 + 0.082600),0.755000 (0.672300 + 0.082700),0.756000 (0.673200 + 0.082800),0.759500 (0.676800 + 0.082700),0.763200 (0.680400 + 0.082800),0.764900 (0.682200 + 0.082700),0.765800 (0.683100 + 0.082700),0.619800 (0.537300 + 0.082500),0.764100 (0.681300 + 0.082800),0.764100 (0.681300 + 0.082800),0.761200 (0.678600 + 0.082600),0.755900 (0.673200 + 0.082700),0.756900 (0.674100 + 0.082800),0.763200 (0.680400 + 0.082800),0.752400 (0.669600 + 0.082800),0.764100 (0.681300 + 0.082800),0.750600 (0.667800 + 0.082800),0.764100 (0.681300 + 0.082800),0.750400 (0.667800 + 0.082600),0.763200 (0.680400 + 0.082800),0.764100 (0.681300 + 0.082800),0.750500 (0.667800 + 0.082700),0.761300 (0.678600 + 0.082700),0.764100 (0.681300 + 0.082800),0.760400 (0.677700 + 0.082700),0.759400 (0.676800 + 0.082600),0.760400 (0.677700 + 0.082700),0.772200 (0.689400 + 0.082800),0.767600 (0.684900 + 0.082700),0.760200 (0.677700 + 0.082500),0.762300 (0.679500 + 0.082800),0.754900 (0.672300 + 0.082600)
51,0.767700 (0.684900 + 0.082800),0.714300 (0.631800 + 0.082500),0.694500 (0.612000 + 0.082500),0.777600 (0.694800 + 0.082800),0.771200 (0.688500 + 0.082700),0.775700 (0.693000 + 0.082700),0.775700 (0.693000 + 0.082700),0.726200 (0.643500 + 0.082700),0.774900 (0.692100 + 0.082800),0.757700 (0.675000 + 0.082700),0.732500 (0.649800 + 0.082700),0.731500 (0.648900 + 0.082600),0.773900 (0.691200 + 0.082700),0.761100 (0.678600 + 0.082500),0.773900 (0.691200 + 0.082700),0.767700 (0.684900 + 0.082800),0.772200 (0.689400 + 0.082800),0.771100 (0.688500 + 0.082600),0.733300 (0.650700 + 0.082600),0.766600 (0.684000 + 0.082600),0.782200 (0.699300 + 0.082900),0.774800 (0.692100 + 0.082700),0.770400 (0.687600 + 0.082800),0.765900 (0.683100 + 0.082800),0.755800 (0.673200 + 0.082600),0.770400 (0.687600 + 0.082800),0.761100 (0.678600 + 0.082500),0.768500 (0.685800 + 0.082700),0.767600 (0.684900 + 0.082700),0.775000 (0.692100 + 0.082900),0.771300 (0.688500 + 0.082800),0.776600 (0.693900 + 0.082700),0.772200 (0.689400 + 0.082800),0.773100 (0.690300 + 0.082800),0.773000 (0.690300 + 0.082700),0.773000 (0.690300 + 0.082700),0.765900 (0.683100 + 0.082800),0.772300 (0.689400 + 0.082900),0.774000 (0.691200 + 0.082800),0.772200 (0.689400 + 0.082800),0.767700 (0.684900 + 0.082800),0.715400 (0.632700 + 0.082700),0.760500 (0.677700 + 0.082800),0.731400 (0.648900 + 0.082500),0.769400 (0.686700 + 0.082700),0.772100 (0.689400 + 0.082700),0.683900 (0.601200 + 0.082700),0.774900 (0.692100 + 0.082800),0.774900 (0.692100 + 0.082800),0.774800 (0.692100 + 0.082700),0.771200 (0.688500 + 0.082700),0.781200 (0.698400 + 0.082800),0.782200 (0.699300 + 0.082900),0.771300 (0.688500 + 0.082800),0.772000 (0.689400 + 0.082600),0.774900 (0.692100 + 0.082800),0.772900 (0.690300 + 0.082600),0.770200 (0.687600 + 0.082600),0.772200 (0.689400 + 0.082800),0.688200 (0.605700 + 0.082500),0.774900 (0.692100 + 0.082800),0.772200 (0.689400 + 0.082800),0.769200 (0.686700 + 0.082500),0.773900 (0.691200 + 0.082700),0.767600 (0.684900 + 0.082700),0.770400 (0.687600 + 0.082800),0.774900 (0.692100 + 0.082800),0.772200 (0.689400 + 0.082800),0.781200 (0.698400 + 0.082800),0.777600 (0.694800 + 0.082800),0.773700 (0.691200 + 0.082500),0.767800 (0.684900 + 0.082900),0.775800 (0.693000 + 0.082800),0.728200 (0.645300 + 0.082900),0.774900 (0.692100 + 0.082800),0.770900 (0.688500 + 0.082400),0.772900 (0.690300 + 0.082600),0.772900 (0.690300 + 0.082600),0.727900 (0.645300 + 0.082600),0.777600 (0.694800 + 0.082800),0.623500 (0.540900 + 0.082600),0.741500 (0.658800 + 0.082700),0.774700 (0.692100 + 0.082600),0.772100 (0.689400 + 0.082700),0.774900 (0.692100 + 0.082800),0.774800 (0.692100 + 0.082700),0.774900 (0.692100 + 0.082800),0.775700 (0.693000 + 0.082700),0.766700 (0.684000 + 0.082700),0.769300 (0.686700 + 0.082600),0.773900 (0.691200 + 0.082700),0.767700 (0.684900 + 0.082800),0.774900 (0.692100 + 0.082800),0.718200 (0.635400 + 0.082800),0.766600 (0.684000 + 0.082600),0.772100 (0.689400 + 0.082700),0.772200 (0.689400 + 0.082800),0.774800 (0.692100 + 0.082700),0.775000 (0.692100 + 0.082900),0.773900 (0.691200 + 0.082700)
52,0.736300 (0.653400 + 0.082900),0.727100 (0.644400 + 0.082700),0.738000 (0.655200 + 0.082800),0.738800 (0.656100 + 0.082700),0.702700 (0.620100 + 0.082600),0.736100 (0.653400 + 0.082700),0.740700 (0.657900 + 0.082800),0.738900 (0.656100 + 0.082800),0.732500 (0.649800 + 0.082700),0.740700 (0.657900 + 0.082800),0.738000 (0.655200 + 0.082800),0.733400 (0.650700 + 0.082700),0.742600 (0.659700 + 0.082900),0.738900 (0.656100 + 0.082800),0.738900 (0.656100 + 0.082800),0.738000 (0.655200 + 0.082800),0.738000 (0.655200 + 0.082800),0.738000 (0.655200 + 0.082800),0.732500 (0.649800 + 0.082700),0.744300 (0.661500 + 0.082800),0.734300 (0.651600 + 0.082700),0.738000 (0.655200 + 0.082800),0.728900 (0.646200 + 0.082700),0.730600 (0.648000 + 0.082600),0.744300 (0.661500 + 0.082800),0.743600 (0.660600 + 0.083000),0.741400 (0.658800 + 0.082600),0.676700 (0.594000 + 0.082700),0.668600 (0.585900 + 0.082700),0.723400 (0.640800 + 0.082600),0.743600 (0.660600 + 0.083000),0.734300 (0.651600 + 0.082700),0.735100 (0.652500 + 0.082600),0.733300 (0.650700 + 0.082600),0.746100 (0.663300 + 0.082800),0.738000 (0.655200 + 0.082800),0.740700 (0.657900 + 0.082800),0.740600 (0.657900 + 0.082700),0.737900 (0.655200 + 0.082700),0.738000 (0.655200 + 0.082800),0.738700 (0.656100 + 0.082600),0.730600 (0.648000 + 0.082600),0.738900 (0.656100 + 0.082800),0.735300 (0.652500 + 0.082800),0.732300 (0.649800 + 0.082500),0.737100 (0.654300 + 0.082800),0.739800 (0.657000 + 0.082800),0.733300 (0.650700 + 0.082600),0.660500 (0.577800 + 0.082700),0.727100 (0.644400 + 0.082700),0.680200 (0.597600 + 0.082600),0.739800 (0.657000 + 0.082800),0.727100 (0.644400 + 0.082700),0.744400 (0.661500 + 0.082900),0.738900 (0.656100 + 0.082800),0.738000 (0.655200 + 0.082800),0.740700 (0.657900 + 0.082800),0.743400 (0.660600 + 0.082800),0.739700 (0.657000 + 0.082700),0.738000 (0.655200 + 0.082800),0.742600 (0.659700 + 0.082900),0.738000 (0.655200 + 0.082800),0.738000 (0.655200 + 0.082800),0.735200 (0.652500 + 0.082700),0.738000 (0.655200 + 0.082800),0.742400 (0.659700 + 0.082700),0.737900 (0.655200 + 0.082700),0.738900 (0.656100 + 0.082800),0.734200 (0.651600 + 0.082600),0.732500 (0.649800 + 0.082700),0.736100 (0.653400 + 0.082700),0.733500 (0.650700 + 0.082800),0.741600 (0.658800 + 0.082800),0.735100 (0.652500 + 0.082600),0.736300 (0.653400 + 0.082900),0.726300 (0.643500 + 0.082800),0.739700 (0.657000 + 0.082700),0.730800 (0.648000 + 0.082800),0.738000 (0.655200 + 0.082800),0.727200 (0.644400 + 0.082800),0.717100 (0.634500 + 0.082600),0.740500 (0.657900 + 0.082600),0.729000 (0.646200 + 0.082800),0.736100 (0.653400 + 0.082700),0.738900 (0.656100 + 0.082800),0.732400 (0.649800 + 0.082600),0.725300 (0.642600 + 0.082700),0.729700 (0.647100 + 0.082600),0.738000 (0.655200 + 0.082800),0.729900 (0.647100 + 0.082800),0.732600 (0.649800 + 0.082800),0.734400 (0.651600 + 0.082800),0.734200 (0.651600 + 0.082600),0.723400 (0.640800 + 0.082600),0.744500 (0.661500 + 0.083000),0.742500 (0.659700 + 0.082800),0.736000 (0.653400 + 0.082600),0.737100 (0.654300 + 0.082800),0.735300 (0.652500 + 0.082800),0.704500 (0.621900 + 0.082600)
53,0.752400 (0.669600 + 0.082800),0.700700 (0.618300 + 0.082400),0.749500 (0.666900 + 0.082600),0.756800 (0.674100 + 0.082700),0.743300 (0.660600 + 0.082700),0.749700 (0.666900 + 0.082800),0.747800 (0.665100 + 0.082700),0.756000 (0.673200 + 0.082800),0.744200 (0.661500 + 0.082700),0.711700 (0.629100 + 0.082600),0.747000 (0.664200 + 0.082800),0.683000 (0.600300 + 0.082700),0.760600 (0.677700 + 0.082900),0.749700 (0.666900 + 0.082800),0.745200 (0.662400 + 0.082800),0.751400 (0.668700 + 0.082700),0.755100 (0.672300 + 0.082800),0.748700 (0.666000 + 0.082700),0.746100 (0.663300 + 0.082800),0.747900 (0.665100 + 0.082800),0.758600 (0.675900 + 0.082700),0.741500 (0.658800 + 0.082700),0.752500 (0.669600 + 0.082900),0.748700 (0.666000 + 0.082700),0.749600 (0.666900 + 0.082700),0.747100 (0.664200 + 0.082900),0.755300 (0.672300 + 0.083000),0.754000 (0.671400 + 0.082600),0.760500 (0.677700 + 0.082800),0.756900 (0.674100 + 0.082800),0.620000 (0.537300 + 0.082700),0.745200 (0.662400 + 0.082800),0.623600 (0.540900 + 0.082700),0.747000 (0.664200 + 0.082800),0.742300 (0.659700 + 0.082600),0.760500 (0.677700 + 0.082800),0.747100 (0.664200 + 0.082900),0.746200 (0.663300 + 0.082900),0.756800 (0.674100 + 0.082700),0.722600 (0.639900 + 0.082700),0.757000 (0.674100 + 0.082900),0.727900 (0.645300 + 0.082600),0.748800 (0.666000 + 0.082800),0.753200 (0.670500 + 0.082700),0.747800 (0.665100 + 0.082700),0.757000 (0.674100 + 0.082900),0.758700 (0.675900 + 0.082800),0.754200 (0.671400 + 0.082800),0.743300 (0.660600 + 0.082700),0.756800 (0.674100 + 0.082700),0.673100 (0.590400 + 0.082700),0.759500 (0.676800 + 0.082700),0.759500 (0.676800 + 0.082700),0.756000 (0.673200 + 0.082800),0.755100 (0.672300 + 0.082800),0.751400 (0.668700 + 0.082700),0.751500 (0.668700 + 0.082800),0.755100 (0.672300 + 0.082800),0.751500 (0.668700 + 0.082800),0.755000 (0.672300 + 0.082700),0.754100 (0.671400 + 0.082700),0.755100 (0.672300 + 0.082800),0.755000 (0.672300 + 0.082700),0.746300 (0.663300 + 0.083000),0.759500 (0.676800 + 0.082700),0.747100 (0.664200 + 0.082900),0.759500 (0.676800 + 0.082700),0.747000 (0.664200 + 0.082800),0.747000 (0.664200 + 0.082800),0.730800 (0.648000 + 0.082800),0.750500 (0.667800 + 0.082700),0.707500 (0.624600 + 0.082900),0.758700 (0.675900 + 0.082800),0.750600 (0.667800 + 0.082800),0.756800 (0.674100 + 0.082700),0.748800 (0.666000 + 0.082800),0.746900 (0.664200 + 0.082700),0.753500 (0.670500 + 0.083000),0.754200 (0.671400 + 0.082800),0.749700 (0.666900 + 0.082800),0.748800 (0.666000 + 0.082800),0.746100 (0.663300 + 0.082800),0.756700 (0.674100 + 0.082600),0.736000 (0.653400 + 0.082600),0.684900 (0.602100 + 0.082800),0.755300 (0.672300 + 0.083000),0.747000 (0.664200 + 0.082800),0.747000 (0.664200 + 0.082800),0.747000 (0.664200 + 0.082800),0.757600 (0.675000 + 0.082600),0.755300 (0.672300 + 0.083000),0.762200 (0.679500 + 0.082700),0.758700 (0.675900 + 0.082800),0.754000 (0.671400 + 0.082600),0.760600 (0.677700 + 0.082900),0.760400 (0.677700 + 0.082700),0.757000 (0.674100 + 0.082900),0.746300 (0.663300 + 0.083000),0.758700 (0.675900 + 0.082800),0.758700 (0.675900 + 0.082800)
54,0.768500 (0.685800 + 0.082700),0.758700 (0.675900 + 0.082800),0.758600 (0.675900 + 0.082700),0.764000 (0.681300 + 0.082700),0.759400 (0.676800 + 0.082600),0.771300 (0.688500 + 0.082800),0.773900 (0.691200 + 0.082700),0.758600 (0.675900 + 0.082700),0.761400 (0.678600 + 0.082800),0.764000 (0.681300 + 0.082700),0.760500 (0.677700 + 0.082800),0.772200 (0.689400 + 0.082800),0.762900 (0.680400 + 0.082500),0.776700 (0.693900 + 0.082800),0.772200 (0.689400 + 0.082800),0.755000 (0.672300 + 0.082700),0.758700 (0.675900 + 0.082800),0.765000 (0.682200 + 0.082800),0.775700 (0.693000 + 0.082700),0.764000 (0.681300 + 0.082700),0.756000 (0.673200 + 0.082800),0.764000 (0.681300 + 0.082700),0.770600 (0.687600 + 0.083000),0.761400 (0.678600 + 0.082800),0.760300 (0.677700 + 0.082600),0.775900 (0.693000 + 0.082900),0.766700 (0.684000 + 0.082700),0.765800 (0.683100 + 0.082700),0.712500 (0.630000 + 0.082500),0.755100 (0.672300 + 0.082800),0.741500 (0.658800 + 0.082700),0.766000 (0.683100 + 0.082900),0.761400 (0.678600 + 0.082800),0.774800 (0.692100 + 0.082700),0.771300 (0.688500 + 0.082800),0.600300 (0.517500 + 0.082800),0.757000 (0.674100 + 0.082900),0.759500 (0.676800 + 0.082700),0.762500 (0.679500 + 0.083000),0.706400 (0.623700 + 0.082700),0.762200 (0.679500 + 0.082700),0.690000 (0.607500 + 0.082500),0.764000 (0.681300 + 0.082700),0.751500 (0.668700 + 0.082800),0.758700 (0.675900 + 0.082800),0.775600 (0.693000 + 0.082600),0.766800 (0.684000 + 0.082800),0.763000 (0.680400 + 0.082600),0.768600 (0.685800 + 0.082800),0.765000 (0.682200 + 0.082800),0.771300 (0.688500 + 0.082800),0.755100 (0.672300 + 0.082800),0.770300 (0.687600 + 0.082700),0.773200 (0.690300 + 0.082900),0.763200 (0.680400 + 0.082800),0.771300 (0.688500 + 0.082800),0.758700 (0.675900 + 0.082800),0.666800 (0.584100 + 0.082700),0.766800 (0.684000 + 0.082800),0.764000 (0.681300 + 0.082700),0.761300 (0.678600 + 0.082700),0.767700 (0.684900 + 0.082800),0.761400 (0.678600 + 0.082800),0.758600 (0.675900 + 0.082700),0.760400 (0.677700 + 0.082700),0.758800 (0.675900 + 0.082900),0.772200 (0.689400 + 0.082800),0.759800 (0.676800 + 0.083000),0.755100 (0.672300 + 0.082800),0.760400 (0.677700 + 0.082700),0.757700 (0.675000 + 0.082700),0.765800 (0.683100 + 0.082700),0.768600 (0.685800 + 0.082800),0.769400 (0.686700 + 0.082700),0.775600 (0.693000 + 0.082600),0.756800 (0.674100 + 0.082700),0.772400 (0.689400 + 0.083000),0.773200 (0.690300 + 0.082900),0.768600 (0.685800 + 0.082800),0.758600 (0.675900 + 0.082700),0.773900 (0.691200 + 0.082700),0.767700 (0.684900 + 0.082800),0.759500 (0.676800 + 0.082700),0.758700 (0.675900 + 0.082800),0.759800 (0.676800 + 0.083000),0.760300 (0.677700 + 0.082600),0.742300 (0.659700 + 0.082600),0.767700 (0.684900 + 0.082800),0.767800 (0.684900 + 0.082900),0.771100 (0.688500 + 0.082600),0.764100 (0.681300 + 0.082800),0.757700 (0.675000 + 0.082700),0.761400 (0.678600 + 0.082800),0.755100 (0.672300 + 0.082800),0.730700 (0.648000 + 0.082700),0.758700 (0.675900 + 0.082800),0.763000 (0.680400 + 0.082600),0.633500 (0.550800 + 0.082700),0.770400 (0.687600 + 0.082800),0.758700 (0.675900 + 0.082800)
55,0.745200 (0.662400 + 0.082800),0.746000 (0.663300 + 0.082700),0.744400 (0.661500 + 0.082900),0.733300 (0.650700 + 0.082600),0.750600 (0.667800 + 0.082800),0.744300 (0.661500 + 0.082800),0.747000 (0.664200 + 0.082800),0.745200 (0.662400 + 0.082800),0.733600 (0.650700 + 0.082900),0.748900 (0.666000 + 0.082900),0.738800 (0.656100 + 0.082700),0.687400 (0.604800 + 0.082600),0.752400 (0.669600 + 0.082800),0.745200 (0.662400 + 0.082800),0.733400 (0.650700 + 0.082700),0.749700 (0.666900 + 0.082800),0.743200 (0.660600 + 0.082600),0.744200 (0.661500 + 0.082700),0.751300 (0.668700 + 0.082600),0.739800 (0.657000 + 0.082800),0.743200 (0.660600 + 0.082600),0.758700 (0.675900 + 0.082800),0.746100 (0.663300 + 0.082800),0.744200 (0.661500 + 0.082700),0.741600 (0.658800 + 0.082800),0.749700 (0.666900 + 0.082800),0.737000 (0.654300 + 0.082700),0.749000 (0.666000 + 0.083000),0.738900 (0.656100 + 0.082800),0.741600 (0.658800 + 0.082800),0.738800 (0.656100 + 0.082700),0.733600 (0.650700 + 0.082900),0.750600 (0.667800 + 0.082800),0.733400 (0.650700 + 0.082700),0.751500 (0.668700 + 0.082800),0.744300 (0.661500 + 0.082800),0.752400 (0.669600 + 0.082800),0.747000 (0.664200 + 0.082800),0.744300 (0.661500 + 0.082800),0.747100 (0.664200 + 0.082900),0.751600 (0.668700 + 0.082900),0.739800 (0.657000 + 0.082800),0.746000 (0.663300 + 0.082700),0.733600 (0.650700 + 0.082900),0.752300 (0.669600 + 0.082700),0.746000 (0.663300 + 0.082700),0.690200 (0.607500 + 0.082700),0.737100 (0.654300 + 0.082800),0.742400 (0.659700 + 0.082700),0.745000 (0.662400 + 0.082600),0.748900 (0.666000 + 0.082900),0.747900 (0.665100 + 0.082800),0.718100 (0.635400 + 0.082700),0.746100 (0.663300 + 0.082800),0.745200 (0.662400 + 0.082800),0.738100 (0.655200 + 0.082900),0.746100 (0.663300 + 0.082800),0.743300 (0.660600 + 0.082700),0.745200 (0.662400 + 0.082800),0.749700 (0.666900 + 0.082800),0.752400 (0.669600 + 0.082800),0.735100 (0.652500 + 0.082600),0.741500 (0.658800 + 0.082700),0.743400 (0.660600 + 0.082800),0.751600 (0.668700 + 0.082900),0.741600 (0.658800 + 0.082800),0.747800 (0.665100 + 0.082700),0.740700 (0.657900 + 0.082800),0.745100 (0.662400 + 0.082700),0.750600 (0.667800 + 0.082800),0.746200 (0.663300 + 0.082900),0.744200 (0.661500 + 0.082700),0.752400 (0.669600 + 0.082800),0.744900 (0.662400 + 0.082500),0.749900 (0.666900 + 0.083000),0.677600 (0.594900 + 0.082700),0.751500 (0.668700 + 0.082800),0.744200 (0.661500 + 0.082700),0.745200 (0.662400 + 0.082800),0.754100 (0.671400 + 0.082700),0.749700 (0.666900 + 0.082800),0.737000 (0.654300 + 0.082700),0.743300 (0.660600 + 0.082700),0.740600 (0.657900 + 0.082700),0.727100 (0.644400 + 0.082700),0.742300 (0.659700 + 0.082600),0.740500 (0.657900 + 0.082600),0.743400 (0.660600 + 0.082800),0.747900 (0.665100 + 0.082800),0.749900 (0.666900 + 0.083000),0.747900 (0.665100 + 0.082800),0.747900 (0.665100 + 0.082800),0.741500 (0.658800 + 0.082700),0.738200 (0.655200 + 0.083000),0.733400 (0.650700 + 0.082700),0.751500 (0.668700 + 0.082800),0.750600 (0.667800 + 0.082800),0.747100 (0.664200 + 0.082900),0.752400 (0.669600 + 0.082800),0.747800 (0.665100 + 0.082700)
56,0.756000 (0.673200 + 0.082800),0.757900 (0.675000 + 0.082900),0.758700 (0.675900 + 0.082800),0.758600 (0.675900 + 0.082700),0.756900 (0.674100 + 0.082800),0.762300 (0.679500 + 0.082800),0.766700 (0.684000 + 0.082700),0.753200 (0.670500 + 0.082700),0.762200 (0.679500 + 0.082700),0.646900 (0.564300 + 0.082600),0.760600 (0.677700 + 0.082900),0.753300 (0.670500 + 0.082800),0.760500 (0.677700 + 0.082800),0.762300 (0.679500 + 0.082800),0.762300 (0.679500 + 0.082800),0.755900 (0.673200 + 0.082700),0.762300 (0.679500 + 0.082800),0.766700 (0.684000 + 0.082700),0.760400 (0.677700 + 0.082700),0.758700 (0.675900 + 0.082800),0.755100 (0.672300 + 0.082800),0.655000 (0.572400 + 0.082600),0.753300 (0.670500 + 0.082800),0.767700 (0.684900 + 0.082800),0.761200 (0.678600 + 0.082600),0.762300 (0.679500 + 0.082800),0.755200 (0.672300 + 0.082900),0.761400 (0.678600 + 0.082800),0.761400 (0.678600 + 0.082800),0.758600 (0.675900 + 0.082700),0.766700 (0.684000 + 0.082700),0.755100 (0.672300 + 0.082800),0.753300 (0.670500 + 0.082800),0.753200 (0.670500 + 0.082700),0.767600 (0.684900 + 0.082700),0.760500 (0.677700 + 0.082800),0.760400 (0.677700 + 0.082700),0.761600 (0.678600 + 0.083000),0.722700 (0.639900 + 0.082800),0.756900 (0.674100 + 0.082800),0.761400 (0.678600 + 0.082800),0.762200 (0.679500 + 0.082700),0.755700 (0.673200 + 0.082500),0.759700 (0.676800 + 0.082900),0.758900 (0.675900 + 0.083000),0.759600 (0.676800 + 0.082800),0.762400 (0.679500 + 0.082900),0.755300 (0.672300 + 0.083000),0.754800 (0.672300 + 0.082500),0.761400 (0.678600 + 0.082800),0.757800 (0.675000 + 0.082800),0.764900 (0.682200 + 0.082700),0.767700 (0.684900 + 0.082800),0.754400 (0.671400 + 0.083000),0.766500 (0.684000 + 0.082500),0.759600 (0.676800 + 0.082800),0.738700 (0.656100 + 0.082600),0.662100 (0.579600 + 0.082500),0.753300 (0.670500 + 0.082800),0.762400 (0.679500 + 0.082900),0.752400 (0.669600 + 0.082800),0.762300 (0.679500 + 0.082800),0.754900 (0.672300 + 0.082600),0.756900 (0.674100 + 0.082800),0.699000 (0.616500 + 0.082500),0.764000 (0.681300 + 0.082700),0.759600 (0.676800 + 0.082800),0.755100 (0.672300 + 0.082800),0.762300 (0.679500 + 0.082800),0.759600 (0.676800 + 0.082800),0.755200 (0.672300 + 0.082900),0.760500 (0.677700 + 0.082800),0.763100 (0.680400 + 0.082700),0.756900 (0.674100 + 0.082800),0.759600 (0.676800 + 0.082800),0.758600 (0.675900 + 0.082700),0.756000 (0.673200 + 0.082800),0.747100 (0.664200 + 0.082900),0.750400 (0.667800 + 0.082600),0.756700 (0.674100 + 0.082600),0.765000 (0.682200 + 0.082800),0.760500 (0.677700 + 0.082800),0.760600 (0.677700 + 0.082900),0.765900 (0.683100 + 0.082800),0.759600 (0.676800 + 0.082800),0.760400 (0.677700 + 0.082700),0.755900 (0.673200 + 0.082700),0.760500 (0.677700 + 0.082800),0.757800 (0.675000 + 0.082800),0.701200 (0.618300 + 0.082900),0.762500 (0.679500 + 0.083000),0.680400 (0.597600 + 0.082800),0.753300 (0.670500 + 0.082800),0.728100 (0.645300 + 0.082800),0.759600 (0.676800 + 0.082800),0.745200 (0.662400 + 0.082800),0.751500 (0.668700 + 0.082800),0.756000 (0.673200 + 0.082800),0.734300 (0.651600 + 0.082700),0.764900 (0.682200 + 0.082700)
57,0.725400 (0.642600 + 0.082800),0.723600 (0.640800 + 0.082800),0.729900 (0.647100 + 0.082800),0.733400 (0.650700 + 0.082700),0.733400 (0.650700 + 0.082700),0.730800 (0.648000 + 0.082800),0.730100 (0.647100 + 0.083000),0.648000 (0.565200 + 0.082800),0.733400 (0.650700 + 0.082700),0.722600 (0.639900 + 0.082700),0.727400 (0.644400 + 0.083000),0.660600 (0.577800 + 0.082800),0.719000 (0.636300 + 0.082700),0.727100 (0.644400 + 0.082700),0.722700 (0.639900 + 0.082800),0.728100 (0.645300 + 0.082800),0.733400 (0.650700 + 0.082700),0.733400 (0.650700 + 0.082700),0.729100 (0.646200 + 0.082900),0.714500 (0.631800 + 0.082700),0.724500 (0.641700 + 0.082800),0.729000 (0.646200 + 0.082800),0.671300 (0.588600 + 0.082700),0.724500 (0.641700 + 0.082800),0.725400 (0.642600 + 0.082800),0.730800 (0.648000 + 0.082800),0.726400 (0.643500 + 0.082900),0.724500 (0.641700 + 0.082800),0.733400 (0.650700 + 0.082700),0.733400 (0.650700 + 0.082700),0.726300 (0.643500 + 0.082800),0.726300 (0.643500 + 0.082800),0.720000 (0.637200 + 0.082800),0.723500 (0.640800 + 0.082700),0.722600 (0.639900 + 0.082700),0.723600 (0.640800 + 0.082800),0.725500 (0.642600 + 0.082900),0.727100 (0.644400 + 0.082700),0.729000 (0.646200 + 0.082800),0.726300 (0.643500 + 0.082800),0.720800 (0.638100 + 0.082700),0.729000 (0.646200 + 0.082800),0.726400 (0.643500 + 0.082900),0.717100 (0.634500 + 0.082600),0.730700 (0.648000 + 0.082700),0.722600 (0.639900 + 0.082700),0.729200 (0.646200 + 0.083000),0.697400 (0.614700 + 0.082700),0.729000 (0.646200 + 0.082800),0.728000 (0.645300 + 0.082700),0.728000 (0.645300 + 0.082700),0.722700 (0.639900 + 0.082800),0.729800 (0.647100 + 0.082700),0.724500 (0.641700 + 0.082800),0.710900 (0.628200 + 0.082700),0.728000 (0.645300 + 0.082700),0.724600 (0.641700 + 0.082900),0.730800 (0.648000 + 0.082800),0.726400 (0.643500 + 0.082900),0.729100 (0.646200 + 0.082900),0.728100 (0.645300 + 0.082800),0.727400 (0.644400 + 0.083000),0.728800 (0.646200 + 0.082600),0.690300 (0.607500 + 0.082800),0.722700 (0.639900 + 0.082800),0.724500 (0.641700 + 0.082800),0.729900 (0.647100 + 0.082800),0.729000 (0.646200 + 0.082800),0.729700 (0.647100 + 0.082600),0.723600 (0.640800 + 0.082800),0.727100 (0.644400 + 0.082700),0.724600 (0.641700 + 0.082900),0.728900 (0.646200 + 0.082700),0.714400 (0.631800 + 0.082600),0.729000 (0.646200 + 0.082800),0.727100 (0.644400 + 0.082700),0.728100 (0.645300 + 0.082800),0.733400 (0.650700 + 0.082700),0.724500 (0.641700 + 0.082800),0.730700 (0.648000 + 0.082700),0.684800 (0.602100 + 0.082700),0.722500 (0.639900 + 0.082600),0.728100 (0.645300 + 0.082800),0.726200 (0.643500 + 0.082700),0.689400 (0.606600 + 0.082800),0.723600 (0.640800 + 0.082800),0.697400 (0.614700 + 0.082700),0.725200 (0.642600 + 0.082600),0.723500 (0.640800 + 0.082700),0.727100 (0.644400 + 0.082700),0.729000 (0.646200 + 0.082800),0.726300 (0.643500 + 0.082800),0.724600 (0.641700 + 0.082900),0.727200 (0.644400 + 0.082800),0.724500 (0.641700 + 0.082800),0.729000 (0.646200 + 0.082800),0.733400 (0.650700 + 0.082700),0.725500 (0.642600 + 0.082900),0.728800 (0.646200 + 0.082600),0.726300 (0.643500 + 0.082800)
58,0.770300 (0.687600 + 0.082700),0.774000 (0.691200 + 0.082800),0.774800 (0.692100 + 0.082700),0.768500 (0.685800 + 0.082700),0.755100 (0.672300 + 0.082800),0.780300 (0.697500 + 0.082800),0.772900 (0.690300 + 0.082600),0.762000 (0.679500 + 0.082500),0.769500 (0.686700 + 0.082800),0.780500 (0.697500 + 0.083000),0.776500 (0.693900 + 0.082600),0.770500 (0.687600 + 0.082900),0.772200 (0.689400 + 0.082800),0.774900 (0.692100 + 0.082800),0.768500 (0.685800 + 0.082700),0.777700 (0.694800 + 0.082900),0.770400 (0.687600 + 0.082800),0.773900 (0.691200 + 0.082700),0.767700 (0.684900 + 0.082800),0.770500 (0.687600 + 0.082900),0.782100 (0.699300 + 0.082800),0.681100 (0.598500 + 0.082600),0.773200 (0.690300 + 0.082900),0.772900 (0.690300 + 0.082600),0.773200 (0.690300 + 0.082900),0.776700 (0.693900 + 0.082800),0.777700 (0.694800 + 0.082900),0.770300 (0.687600 + 0.082700),0.772400 (0.689400 + 0.083000),0.773000 (0.690300 + 0.082700),0.774000 (0.691200 + 0.082800),0.772300 (0.689400 + 0.082900),0.781300 (0.698400 + 0.082900),0.768500 (0.685800 + 0.082700),0.772100 (0.689400 + 0.082700),0.776900 (0.693900 + 0.083000),0.771100 (0.688500 + 0.082600),0.770300 (0.687600 + 0.082700),0.770400 (0.687600 + 0.082800),0.770400 (0.687600 + 0.082800),0.774000 (0.691200 + 0.082800),0.773900 (0.691200 + 0.082700),0.778600 (0.695700 + 0.082900),0.773100 (0.690300 + 0.082800),0.779200 (0.696600 + 0.082600),0.723500 (0.640800 + 0.082700),0.775800 (0.693000 + 0.082800),0.763800 (0.681300 + 0.082500),0.780500 (0.697500 + 0.083000),0.775000 (0.692100 + 0.082900),0.774900 (0.692100 + 0.082800),0.773000 (0.690300 + 0.082700),0.770400 (0.687600 + 0.082800),0.774000 (0.691200 + 0.082800),0.774000 (0.691200 + 0.082800),0.772300 (0.689400 + 0.082900),0.772100 (0.689400 + 0.082700),0.774900 (0.692100 + 0.082800),0.772300 (0.689400 + 0.082900),0.772400 (0.689400 + 0.083000),0.764000 (0.681300 + 0.082700),0.769500 (0.686700 + 0.082800),0.770300 (0.687600 + 0.082700),0.755900 (0.673200 + 0.082700),0.742500 (0.659700 + 0.082800),0.768500 (0.685800 + 0.082700),0.770200 (0.687600 + 0.082600),0.770400 (0.687600 + 0.082800),0.774000 (0.691200 + 0.082800),0.770400 (0.687600 + 0.082800),0.769400 (0.686700 + 0.082700),0.770400 (0.687600 + 0.082800),0.781200 (0.698400 + 0.082800),0.774000 (0.691200 + 0.082800),0.770200 (0.687600 + 0.082600),0.771200 (0.688500 + 0.082700),0.772300 (0.689400 + 0.082900),0.770400 (0.687600 + 0.082800),0.783100 (0.700200 + 0.082900),0.777600 (0.694800 + 0.082800),0.769400 (0.686700 + 0.082700),0.769600 (0.686700 + 0.082900),0.761300 (0.678600 + 0.082700),0.758700 (0.675900 + 0.082800),0.772100 (0.689400 + 0.082700),0.704500 (0.621900 + 0.082600),0.774100 (0.691200 + 0.082900),0.770400 (0.687600 + 0.082800),0.770200 (0.687600 + 0.082600),0.774000 (0.691200 + 0.082800),0.768500 (0.685800 + 0.082700),0.770400 (0.687600 + 0.082800),0.771300 (0.688500 + 0.082800),0.774900 (0.692100 + 0.082800),0.779400 (0.696600 + 0.082800),0.776800 (0.693900 + 0.082900),0.720700 (0.638100 + 0.082600),0.773100 (0.690300 + 0.082800),0.771100 (0.688500 + 0.082600),0.770300 (0.687600 + 0.082700)
59,0.766900 (0.684000 + 0.082900),0.759700 (0.676800 + 0.082900),0.758700 (0.675900 + 0.082800),0.747900 (0.665100 + 0.082800),0.752500 (0.669600 + 0.082900),0.755100 (0.672300 + 0.082800),0.758900 (0.675900 + 0.083000),0.747000 (0.664200 + 0.082800),0.755100 (0.672300 + 0.082800),0.743300 (0.660600 + 0.082700),0.750400 (0.667800 + 0.082600),0.759600 (0.676800 + 0.082800),0.706500 (0.623700 + 0.082800),0.695700 (0.612900 + 0.082800),0.759800 (0.676800 + 0.083000),0.755000 (0.672300 + 0.082700),0.766900 (0.684000 + 0.082900),0.758600 (0.675900 + 0.082700),0.745100 (0.662400 + 0.082700),0.768800 (0.685800 + 0.083000),0.755000 (0.672300 + 0.082700),0.766100 (0.683100 + 0.083000),0.760700 (0.677700 + 0.083000),0.753200 (0.670500 + 0.082700),0.757800 (0.675000 + 0.082800),0.736800 (0.654300 + 0.082500),0.758700 (0.675900 + 0.082800),0.756000 (0.673200 + 0.082800),0.752400 (0.669600 + 0.082800),0.768600 (0.685800 + 0.082800),0.766000 (0.683100 + 0.082900),0.751400 (0.668700 + 0.082700),0.757900 (0.675000 + 0.082900),0.749500 (0.666900 + 0.082600),0.757000 (0.674100 + 0.082900),0.763300 (0.680400 + 0.082900),0.753300 (0.670500 + 0.082800),0.746800 (0.664200 + 0.082600),0.750600 (0.667800 + 0.082800),0.759600 (0.676800 + 0.082800),0.755200 (0.672300 + 0.082900),0.758800 (0.675900 + 0.082900),0.766900 (0.684000 + 0.082900),0.756900 (0.674100 + 0.082800),0.752400 (0.669600 + 0.082800),0.762200 (0.679500 + 0.082700),0.768800 (0.685800 + 0.083000),0.760400 (0.677700 + 0.082700),0.710200 (0.627300 + 0.082900),0.748800 (0.666000 + 0.082800),0.748800 (0.666000 + 0.082800),0.743300 (0.660600 + 0.082700),0.753200 (0.670500 + 0.082700),0.757800 (0.675000 + 0.082800),0.700200 (0.617400 + 0.082800),0.768600 (0.685800 + 0.082800),0.763400 (0.680400 + 0.083000),0.750600 (0.667800 + 0.082800),0.757900 (0.675000 + 0.082900),0.748800 (0.666000 + 0.082800),0.752400 (0.669600 + 0.082800),0.750500 (0.667800 + 0.082700),0.748800 (0.666000 + 0.082800),0.737000 (0.654300 + 0.082700),0.755700 (0.673200 + 0.082500),0.767900 (0.684900 + 0.083000),0.758800 (0.675900 + 0.082900),0.750600 (0.667800 + 0.082800),0.745200 (0.662400 + 0.082800),0.758700 (0.675900 + 0.082800),0.750600 (0.667800 + 0.082800),0.750600 (0.667800 + 0.082800),0.755200 (0.672300 + 0.082900),0.750600 (0.667800 + 0.082800),0.757800 (0.675000 + 0.082800),0.719800 (0.637200 + 0.082600),0.758700 (0.675900 + 0.082800),0.766100 (0.683100 + 0.083000),0.765000 (0.682200 + 0.082800),0.760400 (0.677700 + 0.082700),0.768800 (0.685800 + 0.083000),0.762200 (0.679500 + 0.082700),0.753300 (0.670500 + 0.082800),0.765900 (0.683100 + 0.082800),0.762300 (0.679500 + 0.082800),0.761500 (0.678600 + 0.082900),0.693900 (0.611100 + 0.082800),0.758600 (0.675900 + 0.082700),0.758700 (0.675900 + 0.082800),0.757000 (0.674100 + 0.082900),0.754300 (0.671400 + 0.082900),0.757000 (0.674100 + 0.082900),0.750400 (0.667800 + 0.082600),0.756900 (0.674100 + 0.082800),0.756900 (0.674100 + 0.082800),0.755000 (0.672300 + 0.082700),0.755100 (0.672300 + 0.082800),0.756900 (0.674100 + 0.082800),0.757900 (0.675000 + 0.082900),0.752300 (0.669600 + 0.082700)
60,0.771500 (0.688500 + 0.083000),0.772300 (0.689400 + 0.082900),0.771500 (0.688500 + 0.083000),0.762200 (0.679500 + 0.082700),0.766800 (0.684000 + 0.082800),0.762100 (0.679500 + 0.082600),0.763200 (0.680400 + 0.082800),0.766800 (0.684000 + 0.082800),0.758800 (0.675900 + 0.082900),0.761500 (0.678600 + 0.082900),0.763200 (0.680400 + 0.082800),0.766000 (0.683100 + 0.082900),0.772200 (0.689400 + 0.082800),0.765100 (0.682200 + 0.082900),0.764900 (0.682200 + 0.082700),0.762200 (0.679500 + 0.082700),0.766000 (0.683100 + 0.082900),0.769600 (0.686700 + 0.082900),0.763200 (0.680400 + 0.082800),0.764100 (0.681300 + 0.082800),0.761400 (0.678600 + 0.082800),0.769600 (0.686700 + 0.082900),0.767600 (0.684900 + 0.082700),0.769400 (0.686700 + 0.082700),0.762300 (0.679500 + 0.082800),0.775900 (0.693000 + 0.082900),0.778700 (0.695700 + 0.083000),0.685600 (0.603000 + 0.082600),0.764100 (0.681300 + 0.082800),0.766800 (0.684000 + 0.082800),0.764100 (0.681300 + 0.082800),0.761300 (0.678600 + 0.082700),0.767800 (0.684900 + 0.082900),0.767900 (0.684900 + 0.083000),0.762300 (0.679500 + 0.082800),0.767900 (0.684900 + 0.083000),0.766800 (0.684000 + 0.082800),0.763200 (0.680400 + 0.082800),0.759700 (0.676800 + 0.082900),0.739600 (0.657000 + 0.082600),0.771500 (0.688500 + 0.083000),0.763300 (0.680400 + 0.082900),0.763300 (0.680400 + 0.082900),0.765800 (0.683100 + 0.082700),0.701900 (0.619200 + 0.082700),0.768600 (0.685800 + 0.082800),0.764100 (0.681300 + 0.082800),0.759700 (0.676800 + 0.082900),0.765900 (0.683100 + 0.082800),0.767600 (0.684900 + 0.082700),0.775000 (0.692100 + 0.082900),0.769600 (0.686700 + 0.082900),0.767900 (0.684900 + 0.083000),0.766800 (0.684000 + 0.082800),0.761600 (0.678600 + 0.083000),0.732500 (0.649800 + 0.082700),0.765900 (0.683100 + 0.082800),0.765900 (0.683100 + 0.082800),0.764100 (0.681300 + 0.082800),0.755900 (0.673200 + 0.082700),0.766100 (0.683100 + 0.083000),0.771500 (0.688500 + 0.083000),0.763200 (0.680400 + 0.082800),0.771500 (0.688500 + 0.083000),0.764100 (0.681300 + 0.082800),0.751400 (0.668700 + 0.082700),0.767700 (0.684900 + 0.082800),0.766800 (0.684000 + 0.082800),0.772100 (0.689400 + 0.082700),0.761600 (0.678600 + 0.083000),0.768700 (0.685800 + 0.082900),0.766800 (0.684000 + 0.082800),0.766800 (0.684000 + 0.082800),0.768600 (0.685800 + 0.082800),0.761100 (0.678600 + 0.082500),0.765900 (0.683100 + 0.082800),0.758800 (0.675900 + 0.082900),0.778700 (0.695700 + 0.083000),0.760400 (0.677700 + 0.082700),0.766800 (0.684000 + 0.082800),0.763200 (0.680400 + 0.082800),0.771400 (0.688500 + 0.082900),0.752200 (0.669600 + 0.082600),0.770500 (0.687600 + 0.082900),0.766900 (0.684000 + 0.082900),0.747800 (0.665100 + 0.082700),0.763100 (0.680400 + 0.082700),0.762500 (0.679500 + 0.083000),0.765900 (0.683100 + 0.082800),0.759700 (0.676800 + 0.082900),0.763200 (0.680400 + 0.082800),0.764100 (0.681300 + 0.082800),0.764300 (0.681300 + 0.083000),0.765800 (0.683100 + 0.082700),0.724500 (0.641700 + 0.082800),0.765800 (0.683100 + 0.082700),0.765100 (0.682200 + 0.082900),0.769700 (0.686700 + 0.083000),0.771500 (0.688500 + 0.083000),0.769700 (0.686700 + 0.083000)
61,0.752600 (0.669600 + 0.083000),0.751500 (0.668700 + 0.082800),0.743600 (0.660600 + 0.083000),0.748900 (0.666000 + 0.082900),0.758700 (0.675900 + 0.082800),0.753200 (0.670500 + 0.082700),0.761400 (0.678600 + 0.082800),0.764100 (0.681300 + 0.082800),0.755100 (0.672300 + 0.082800),0.752400 (0.669600 + 0.082800),0.750600 (0.667800 + 0.082800),0.670400 (0.587700 + 0.082700),0.756100 (0.673200 + 0.082900),0.757900 (0.675000 + 0.082900),0.750600 (0.667800 + 0.082800),0.752400 (0.669600 + 0.082800),0.751400 (0.668700 + 0.082700),0.750700 (0.667800 + 0.082900),0.758900 (0.675900 + 0.083000),0.758700 (0.675900 + 0.082800),0.757000 (0.674100 + 0.082900),0.752400 (0.669600 + 0.082800),0.655300 (0.572400 + 0.082900),0.756000 (0.673200 + 0.082800),0.756800 (0.674100 + 0.082700),0.756000 (0.673200 + 0.082800),0.755100 (0.672300 + 0.082800),0.758700 (0.675900 + 0.082800),0.755200 (0.672300 + 0.082900),0.761600 (0.678600 + 0.083000),0.757800 (0.675000 + 0.082800),0.741700 (0.658800 + 0.082900),0.761300 (0.678600 + 0.082700),0.753300 (0.670500 + 0.082800),0.754300 (0.671400 + 0.082900),0.757900 (0.675000 + 0.082900),0.758700 (0.675900 + 0.082800),0.750700 (0.667800 + 0.082900),0.742500 (0.659700 + 0.082800),0.757000 (0.674100 + 0.082900),0.752200 (0.669600 + 0.082600),0.756000 (0.673200 + 0.082800),0.713600 (0.630900 + 0.082700),0.753400 (0.670500 + 0.082900),0.760600 (0.677700 + 0.082900),0.752400 (0.669600 + 0.082800),0.752400 (0.669600 + 0.082800),0.765100 (0.682200 + 0.082900),0.758900 (0.675900 + 0.083000),0.759700 (0.676800 + 0.082900),0.755100 (0.672300 + 0.082800),0.755300 (0.672300 + 0.083000),0.755300 (0.672300 + 0.083000),0.696500 (0.613800 + 0.082700),0.752400 (0.669600 + 0.082800),0.758900 (0.675900 + 0.083000),0.753200 (0.670500 + 0.082700),0.760400 (0.677700 + 0.082700),0.752500 (0.669600 + 0.082900),0.755300 (0.672300 + 0.083000),0.754200 (0.671400 + 0.082800),0.755300 (0.672300 + 0.083000),0.749000 (0.666000 + 0.083000),0.755300 (0.672300 + 0.083000),0.760600 (0.677700 + 0.082900),0.758900 (0.675900 + 0.083000),0.752400 (0.669600 + 0.082800),0.755300 (0.672300 + 0.083000),0.758900 (0.675900 + 0.083000),0.758000 (0.675000 + 0.083000),0.754200 (0.671400 + 0.082800),0.761400 (0.678600 + 0.082800),0.760600 (0.677700 + 0.082900),0.754300 (0.671400 + 0.082900),0.753300 (0.670500 + 0.082800),0.755300 (0.672300 + 0.083000),0.757000 (0.674100 + 0.082900),0.763300 (0.680400 + 0.082900),0.754100 (0.671400 + 0.082700),0.760600 (0.677700 + 0.082900),0.759600 (0.676800 + 0.082800),0.760600 (0.677700 + 0.082900),0.755300 (0.672300 + 0.083000),0.753400 (0.670500 + 0.082900),0.755300 (0.672300 + 0.083000),0.749700 (0.666900 + 0.082800),0.749700 (0.666900 + 0.082800),0.756800 (0.674100 + 0.082700),0.753300 (0.670500 + 0.082800),0.755200 (0.672300 + 0.082900),0.754400 (0.671400 + 0.083000),0.755900 (0.673200 + 0.082700),0.716400 (0.633600 + 0.082800),0.752500 (0.669600 + 0.082900),0.757900 (0.675000 + 0.082900),0.757900 (0.675000 + 0.082900),0.756900 (0.674100 + 0.082800),0.752500 (0.669600 + 0.082900),0.758900 (0.675900 + 0.083000),0.755300 (0.672300 + 0.083000)
62,0.762400 (0.679500 + 0.082900),0.753300 (0.670500 + 0.082800),0.755100 (0.672300 + 0.082800),0.758900 (0.675900 + 0.083000),0.758900 (0.675900 + 0.083000),0.759600 (0.676800 + 0.082800),0.758900 (0.675900 + 0.083000),0.755900 (0.673200 + 0.082700),0.724500 (0.641700 + 0.082800),0.758900 (0.675900 + 0.083000),0.754300 (0.671400 + 0.082900),0.756900 (0.674100 + 0.082800),0.756000 (0.673200 + 0.082800),0.736200 (0.653400 + 0.082800),0.757900 (0.675000 + 0.082900),0.765800 (0.683100 + 0.082700),0.753300 (0.670500 + 0.082800),0.753300 (0.670500 + 0.082800),0.753300 (0.670500 + 0.082800),0.702100 (0.619200 + 0.082900),0.744500 (0.661500 + 0.083000),0.757700 (0.675000 + 0.082700),0.667700 (0.585000 + 0.082700),0.752600 (0.669600 + 0.083000),0.752600 (0.669600 + 0.083000),0.759800 (0.676800 + 0.083000),0.755900 (0.673200 + 0.082700),0.758000 (0.675000 + 0.083000),0.763000 (0.680400 + 0.082600),0.760600 (0.677700 + 0.082900),0.753300 (0.670500 + 0.082800),0.759600 (0.676800 + 0.082800),0.759600 (0.676800 + 0.082800),0.761400 (0.678600 + 0.082800),0.755200 (0.672300 + 0.082900),0.761500 (0.678600 + 0.082900),0.758900 (0.675900 + 0.083000),0.757100 (0.674100 + 0.083000),0.761500 (0.678600 + 0.082900),0.757100 (0.674100 + 0.083000),0.759700 (0.676800 + 0.082900),0.761500 (0.678600 + 0.082900),0.758900 (0.675900 + 0.083000),0.738900 (0.656100 + 0.082800),0.763100 (0.680400 + 0.082700),0.758900 (0.675900 + 0.083000),0.705500 (0.622800 + 0.082700),0.756000 (0.673200 + 0.082800),0.760700 (0.677700 + 0.083000),0.755200 (0.672300 + 0.082900),0.755200 (0.672300 + 0.082900),0.762400 (0.679500 + 0.082900),0.755200 (0.672300 + 0.082900),0.764000 (0.681300 + 0.082700),0.756200 (0.673200 + 0.083000),0.763300 (0.680400 + 0.082900),0.763100 (0.680400 + 0.082700),0.758900 (0.675900 + 0.083000),0.760600 (0.677700 + 0.082900),0.757900 (0.675000 + 0.082900),0.756000 (0.673200 + 0.082800),0.754200 (0.671400 + 0.082800),0.754200 (0.671400 + 0.082800),0.756900 (0.674100 + 0.082800),0.755100 (0.672300 + 0.082800),0.760700 (0.677700 + 0.083000),0.740700 (0.657900 + 0.082800),0.763000 (0.680400 + 0.082600),0.756200 (0.673200 + 0.083000),0.757100 (0.674100 + 0.083000),0.761300 (0.678600 + 0.082700),0.758900 (0.675900 + 0.083000),0.702200 (0.619200 + 0.083000),0.756000 (0.673200 + 0.082800),0.754100 (0.671400 + 0.082700),0.759600 (0.676800 + 0.082800),0.760700 (0.677700 + 0.083000),0.762300 (0.679500 + 0.082800),0.759700 (0.676800 + 0.082900),0.753300 (0.670500 + 0.082800),0.760600 (0.677700 + 0.082900),0.693900 (0.611100 + 0.082800),0.744000 (0.661500 + 0.082500),0.761500 (0.678600 + 0.082900),0.758900 (0.675900 + 0.083000),0.755200 (0.672300 + 0.082900),0.757800 (0.675000 + 0.082800),0.704800 (0.621900 + 0.082900),0.759600 (0.676800 + 0.082800),0.756200 (0.673200 + 0.083000),0.758700 (0.675900 + 0.082800),0.757800 (0.675000 + 0.082800),0.758800 (0.675900 + 0.082900),0.691300 (0.608400 + 0.082900),0.755100 (0.672300 + 0.082800),0.755200 (0.672300 + 0.082900),0.754300 (0.671400 + 0.082900),0.756200 (0.673200 + 0.083000),0.758500 (0.675900 + 0.082600),0.756000 (0.673200 + 0.082800)
63,0.776600 (0.693900 + 0.082700),0.777600 (0.694800 + 0.082800),0.776600 (0.693900 + 0.082700),0.770600 (0.687600 + 0.083000),0.777800 (0.694800 + 0.083000),0.768700 (0.685800 + 0.082900),0.775800 (0.693000 + 0.082800),0.776800 (0.693900 + 0.082900),0.766000 (0.683100 + 0.082900),0.777600 (0.694800 + 0.082800),0.769600 (0.686700 + 0.082900),0.771400 (0.688500 + 0.082900),0.769600 (0.686700 + 0.082900),0.771400 (0.688500 + 0.082900),0.770600 (0.687600 + 0.083000),0.775700 (0.693000 + 0.082700),0.776700 (0.693900 + 0.082800),0.767900 (0.684900 + 0.083000),0.768700 (0.685800 + 0.082900),0.771400 (0.688500 + 0.082900),0.771400 (0.688500 + 0.082900),0.773200 (0.690300 + 0.082900),0.775800 (0.693000 + 0.082800),0.775800 (0.693000 + 0.082800),0.777600 (0.694800 + 0.082800),0.777600 (0.694800 + 0.082800),0.777600 (0.694800 + 0.082800),0.724400 (0.641700 + 0.082700),0.779500 (0.696600 + 0.082900),0.767800 (0.684900 + 0.082900),0.729900 (0.647100 + 0.082800),0.775100 (0.692100 + 0.083000),0.769600 (0.686700 + 0.082900),0.779500 (0.696600 + 0.082900),0.778600 (0.695700 + 0.082900),0.771500 (0.688500 + 0.083000),0.749800 (0.666900 + 0.082900),0.780400 (0.697500 + 0.082900),0.749700 (0.666900 + 0.082800),0.773300 (0.690300 + 0.083000),0.770600 (0.687600 + 0.083000),0.776800 (0.693900 + 0.082900),0.770600 (0.687600 + 0.083000),0.759600 (0.676800 + 0.082800),0.776700 (0.693900 + 0.082800),0.772200 (0.689400 + 0.082800),0.769400 (0.686700 + 0.082700),0.782100 (0.699300 + 0.082800),0.775100 (0.692100 + 0.083000),0.771500 (0.688500 + 0.083000),0.776800 (0.693900 + 0.082900),0.770500 (0.687600 + 0.082900),0.778600 (0.695700 + 0.082900),0.768700 (0.685800 + 0.082900),0.770600 (0.687600 + 0.083000),0.752500 (0.669600 + 0.082900),0.773800 (0.691200 + 0.082600),0.739700 (0.657000 + 0.082700),0.769600 (0.686700 + 0.082900),0.774200 (0.691200 + 0.083000),0.780400 (0.697500 + 0.082900),0.742600 (0.659700 + 0.082900),0.770600 (0.687600 + 0.083000),0.677300 (0.594900 + 0.082400),0.770600 (0.687600 + 0.083000),0.775100 (0.692100 + 0.083000),0.769600 (0.686700 + 0.082900),0.767700 (0.684900 + 0.082800),0.776000 (0.693000 + 0.083000),0.751600 (0.668700 + 0.082900),0.766000 (0.683100 + 0.082900),0.775100 (0.692100 + 0.083000),0.779400 (0.696600 + 0.082800),0.768600 (0.685800 + 0.082800),0.778700 (0.695700 + 0.083000),0.778400 (0.695700 + 0.082700),0.775100 (0.692100 + 0.083000),0.771300 (0.688500 + 0.082800),0.771300 (0.688500 + 0.082800),0.770500 (0.687600 + 0.082900),0.775900 (0.693000 + 0.082900),0.771500 (0.688500 + 0.083000),0.775000 (0.692100 + 0.082900),0.776600 (0.693900 + 0.082700),0.769600 (0.686700 + 0.082900),0.769600 (0.686700 + 0.082900),0.776600 (0.693900 + 0.082700),0.781200 (0.698400 + 0.082800),0.705600 (0.622800 + 0.082800),0.767800 (0.684900 + 0.082900),0.730000 (0.647100 + 0.082900),0.766700 (0.684000 + 0.082700),0.774200 (0.691200 + 0.083000),0.781300 (0.698400 + 0.082900),0.765000 (0.682200 + 0.082800),0.775100 (0.692100 + 0.083000),0.769500 (0.686700 + 0.082800),0.775100 (0.692100 + 0.083000),0.769500 (0.686700 + 0.082800),0.777600 (0.694800 + 0.082800)
64,0.771300 (0.688500 + 0.082800),0.764200 (0.681300 + 0.082900),0.750600 (0.667800 + 0.082800),0.772300 (0.689400 + 0.082900),0.772300 (0.689400 + 0.082900),0.770500 (0.687600 + 0.082900),0.771400 (0.688500 + 0.082900),0.766800 (0.684000 + 0.082800),0.757900 (0.675000 + 0.082900),0.771400 (0.688500 + 0.082900),0.761500 (0.678600 + 0.082900),0.711700 (0.629100 + 0.082600),0.767000 (0.684000 + 0.083000),0.762500 (0.679500 + 0.083000),0.762500 (0.679500 + 0.083000),0.769600 (0.686700 + 0.082900),0.661500 (0.578700 + 0.082800),0.772300 (0.689400 + 0.082900),0.769600 (0.686700 + 0.082900),0.764100 (0.681300 + 0.082800),0.756800 (0.674100 + 0.082700),0.767700 (0.684900 + 0.082800),0.750700 (0.667800 + 0.082900),0.768500 (0.685800 + 0.082700),0.762500 (0.679500 + 0.083000),0.771400 (0.688500 + 0.082900),0.767700 (0.684900 + 0.082800),0.760800 (0.677700 + 0.083100),0.768600 (0.685800 + 0.082800),0.740800 (0.657900 + 0.082900),0.765100 (0.682200 + 0.082900),0.764000 (0.681300 + 0.082700),0.764300 (0.681300 + 0.083000),0.758000 (0.675000 + 0.083000),0.756900 (0.674100 + 0.082800),0.769400 (0.686700 + 0.082700),0.766800 (0.684000 + 0.082800),0.772300 (0.689400 + 0.082900),0.766800 (0.684000 + 0.082800),0.769500 (0.686700 + 0.082800),0.767000 (0.684000 + 0.083000),0.765100 (0.682200 + 0.082900),0.762500 (0.679500 + 0.083000),0.772200 (0.689400 + 0.082800),0.768800 (0.685800 + 0.083000),0.764900 (0.682200 + 0.082700),0.759500 (0.676800 + 0.082700),0.771400 (0.688500 + 0.082900),0.765100 (0.682200 + 0.082900),0.755100 (0.672300 + 0.082800),0.767700 (0.684900 + 0.082800),0.770400 (0.687600 + 0.082800),0.765100 (0.682200 + 0.082900),0.756100 (0.673200 + 0.082900),0.756100 (0.673200 + 0.082900),0.771400 (0.688500 + 0.082900),0.767700 (0.684900 + 0.082800),0.770500 (0.687600 + 0.082900),0.770400 (0.687600 + 0.082800),0.762500 (0.679500 + 0.083000),0.763300 (0.680400 + 0.082900),0.769700 (0.686700 + 0.083000),0.768700 (0.685800 + 0.082900),0.772300 (0.689400 + 0.082900),0.764300 (0.681300 + 0.083000),0.764900 (0.682200 + 0.082700),0.767700 (0.684900 + 0.082800),0.743500 (0.660600 + 0.082900),0.763100 (0.680400 + 0.082700),0.771400 (0.688500 + 0.082900),0.770500 (0.687600 + 0.082900),0.664300 (0.581400 + 0.082900),0.768600 (0.685800 + 0.082800),0.760700 (0.677700 + 0.083000),0.771300 (0.688500 + 0.082800),0.763400 (0.680400 + 0.083000),0.768600 (0.685800 + 0.082800),0.765000 (0.682200 + 0.082800),0.767700 (0.684900 + 0.082800),0.765100 (0.682200 + 0.082900),0.765200 (0.682200 + 0.083000),0.772300 (0.689400 + 0.082900),0.772300 (0.689400 + 0.082900),0.757800 (0.675000 + 0.082800),0.766800 (0.684000 + 0.082800),0.764300 (0.681300 + 0.083000),0.756000 (0.673200 + 0.082800),0.771400 (0.688500 + 0.082900),0.771400 (0.688500 + 0.082900),0.764100 (0.681300 + 0.082800),0.754300 (0.671400 + 0.082900),0.766700 (0.684000 + 0.082700),0.665100 (0.582300 + 0.082800),0.766800 (0.684000 + 0.082800),0.767800 (0.684900 + 0.082900),0.762500 (0.679500 + 0.083000),0.764300 (0.681300 + 0.083000),0.767600 (0.684900 + 0.082700),0.772300 (0.689400 + 0.082900),0.760300 (0.677700 + 0.082600)
65,0.763300 (0.680400 + 0.082900),0.757900 (0.675000 + 0.082900),0.772200 (0.689400 + 0.082800),0.766000 (0.683100 + 0.082900),0.766100 (0.683100 + 0.083000),0.768700 (0.685800 + 0.082900),0.766100 (0.683100 + 0.083000),0.772400 (0.689400 + 0.083000),0.770400 (0.687600 + 0.082800),0.757100 (0.674100 + 0.083000),0.756100 (0.673200 + 0.082900),0.758900 (0.675900 + 0.083000),0.772200 (0.689400 + 0.082800),0.757900 (0.675000 + 0.082900),0.772300 (0.689400 + 0.082900),0.764200 (0.681300 + 0.082900),0.749000 (0.666000 + 0.083000),0.768600 (0.685800 + 0.082800),0.764200 (0.681300 + 0.082900),0.767800 (0.684900 + 0.082900),0.757900 (0.675000 + 0.082900),0.765200 (0.682200 + 0.083000),0.757000 (0.674100 + 0.082900),0.775900 (0.693000 + 0.082900),0.759600 (0.676800 + 0.082800),0.764200 (0.681300 + 0.082900),0.763300 (0.680400 + 0.082900),0.762300 (0.679500 + 0.082800),0.773200 (0.690300 + 0.082900),0.762500 (0.679500 + 0.083000),0.758900 (0.675900 + 0.083000),0.767800 (0.684900 + 0.082900),0.768600 (0.685800 + 0.082800),0.757000 (0.674100 + 0.082900),0.764200 (0.681300 + 0.082900),0.758900 (0.675900 + 0.083000),0.765900 (0.683100 + 0.082800),0.724500 (0.641700 + 0.082800),0.763300 (0.680400 + 0.082900),0.759600 (0.676800 + 0.082800),0.765900 (0.683100 + 0.082800),0.756100 (0.673200 + 0.082900),0.764100 (0.681300 + 0.082800),0.758900 (0.675900 + 0.083000),0.765200 (0.682200 + 0.083000),0.764900 (0.682200 + 0.082700),0.757100 (0.674100 + 0.083000),0.764200 (0.681300 + 0.082900),0.763200 (0.680400 + 0.082800),0.762500 (0.679500 + 0.083000),0.755900 (0.673200 + 0.082700),0.765200 (0.682200 + 0.083000),0.765000 (0.682200 + 0.082800),0.775900 (0.693000 + 0.082900),0.765800 (0.683100 + 0.082700),0.756100 (0.673200 + 0.082900),0.767700 (0.684900 + 0.082800),0.763300 (0.680400 + 0.082900),0.764200 (0.681300 + 0.082900),0.773100 (0.690300 + 0.082800),0.762500 (0.679500 + 0.083000),0.760700 (0.677700 + 0.083000),0.775000 (0.692100 + 0.082900),0.772300 (0.689400 + 0.082900),0.774000 (0.691200 + 0.082800),0.756800 (0.674100 + 0.082700),0.768600 (0.685800 + 0.082800),0.728000 (0.645300 + 0.082700),0.761500 (0.678600 + 0.082900),0.763300 (0.680400 + 0.082900),0.758900 (0.675900 + 0.083000),0.716500 (0.633600 + 0.082900),0.770500 (0.687600 + 0.082900),0.763300 (0.680400 + 0.082900),0.761400 (0.678600 + 0.082800),0.763300 (0.680400 + 0.082900),0.703600 (0.621000 + 0.082600),0.774100 (0.691200 + 0.082900),0.774100 (0.691200 + 0.082900),0.765900 (0.683100 + 0.082800),0.771300 (0.688500 + 0.082800),0.764900 (0.682200 + 0.082700),0.755200 (0.672300 + 0.082900),0.771300 (0.688500 + 0.082800),0.756100 (0.673200 + 0.082900),0.758900 (0.675900 + 0.083000),0.690400 (0.607500 + 0.082900),0.767700 (0.684900 + 0.082800),0.766100 (0.683100 + 0.083000),0.764100 (0.681300 + 0.082800),0.765900 (0.683100 + 0.082800),0.764000 (0.681300 + 0.082700),0.762300 (0.679500 + 0.082800),0.767700 (0.684900 + 0.082800),0.764200 (0.681300 + 0.082900),0.766900 (0.684000 + 0.082900),0.755000 (0.672300 + 0.082700),0.764200 (0.681300 + 0.082900),0.765200 (0.682200 + 0.083000),0.766900 (0.684000 + 0.082900)
66,0.772300 (0.689400 + 0.082900),0.765900 (0.683100 + 0.082800),0.763300 (0.680400 + 0.082900),0.774900 (0.692100 + 0.082800),0.774100 (0.691200 + 0.082900),0.768600 (0.685800 + 0.082800),0.768600 (0.685800 + 0.082800),0.767000 (0.684000 + 0.083000),0.774800 (0.692100 + 0.082700),0.756900 (0.674100 + 0.082800),0.765200 (0.682200 + 0.083000),0.778700 (0.695700 + 0.083000),0.645500 (0.562500 + 0.083000),0.774000 (0.691200 + 0.082800),0.777600 (0.694800 + 0.082800),0.771300 (0.688500 + 0.082800),0.763400 (0.680400 + 0.083000),0.743300 (0.660600 + 0.082700),0.779300 (0.696600 + 0.082700),0.772300 (0.689400 + 0.082900),0.772200 (0.689400 + 0.082800),0.769700 (0.686700 + 0.083000),0.778500 (0.695700 + 0.082800),0.769600 (0.686700 + 0.082900),0.777700 (0.694800 + 0.082900),0.769600 (0.686700 + 0.082900),0.777500 (0.694800 + 0.082700),0.776700 (0.693900 + 0.082800),0.770600 (0.687600 + 0.083000),0.771400 (0.688500 + 0.082900),0.775000 (0.692100 + 0.082900),0.773100 (0.690300 + 0.082800),0.767900 (0.684900 + 0.083000),0.775000 (0.692100 + 0.082900),0.776700 (0.693900 + 0.082800),0.767100 (0.684000 + 0.083100),0.763300 (0.680400 + 0.082900),0.771400 (0.688500 + 0.082900),0.769600 (0.686700 + 0.082900),0.685800 (0.603000 + 0.082800),0.653300 (0.570600 + 0.082700),0.761400 (0.678600 + 0.082800),0.771400 (0.688500 + 0.082900),0.775900 (0.693000 + 0.082900),0.773100 (0.690300 + 0.082800),0.776700 (0.693900 + 0.082800),0.739800 (0.657000 + 0.082800),0.768700 (0.685800 + 0.082900),0.772200 (0.689400 + 0.082800),0.767900 (0.684900 + 0.083000),0.777700 (0.694800 + 0.082900),0.775000 (0.692100 + 0.082900),0.778600 (0.695700 + 0.082900),0.776700 (0.693900 + 0.082800),0.772300 (0.689400 + 0.082900),0.778600 (0.695700 + 0.082900),0.774200 (0.691200 + 0.083000),0.717300 (0.634500 + 0.082800),0.776700 (0.693900 + 0.082800),0.764100 (0.681300 + 0.082800),0.777600 (0.694800 + 0.082800),0.768600 (0.685800 + 0.082800),0.770500 (0.687600 + 0.082900),0.771300 (0.688500 + 0.082800),0.775900 (0.693000 + 0.082900),0.767100 (0.684000 + 0.083100),0.775900 (0.693000 + 0.082900),0.771300 (0.688500 + 0.082800),0.775000 (0.692100 + 0.082900),0.774900 (0.692100 + 0.082800),0.773100 (0.690300 + 0.082800),0.774900 (0.692100 + 0.082800),0.776700 (0.693900 + 0.082800),0.768800 (0.685800 + 0.083000),0.764100 (0.681300 + 0.082800),0.773100 (0.690300 + 0.082800),0.774100 (0.691200 + 0.082900),0.774900 (0.692100 + 0.082800),0.749000 (0.666000 + 0.083000),0.776700 (0.693900 + 0.082800),0.772400 (0.689400 + 0.083000),0.763300 (0.680400 + 0.082900),0.771400 (0.688500 + 0.082900),0.775000 (0.692100 + 0.082900),0.774800 (0.692100 + 0.082700),0.775000 (0.692100 + 0.082900),0.767900 (0.684900 + 0.083000),0.770400 (0.687600 + 0.082800),0.774200 (0.691200 + 0.083000),0.720000 (0.637200 + 0.082800),0.768600 (0.685800 + 0.082800),0.773200 (0.690300 + 0.082900),0.769600 (0.686700 + 0.082900),0.767000 (0.684000 + 0.083000),0.770400 (0.687600 + 0.082800),0.775800 (0.693000 + 0.082800),0.779500 (0.696600 + 0.082900),0.775000 (0.692100 + 0.082900),0.767900 (0.684900 + 0.083000),0.774200 (0.691200 + 0.083000)
67,0.766900 (0.684000 + 0.082900),0.764300 (0.681300 + 0.083000),0.759600 (0.676800 + 0.082800),0.764300 (0.681300 + 0.083000),0.761400 (0.678600 + 0.082800),0.747000 (0.664200 + 0.082800),0.763400 (0.680400 + 0.083000),0.762400 (0.679500 + 0.082900),0.757700 (0.675000 + 0.082700),0.764900 (0.682200 + 0.082700),0.768700 (0.685800 + 0.082900),0.764300 (0.681300 + 0.083000),0.756000 (0.673200 + 0.082800),0.764200 (0.681300 + 0.082900),0.758700 (0.675900 + 0.082800),0.768700 (0.685800 + 0.082900),0.763300 (0.680400 + 0.082900),0.764200 (0.681300 + 0.082900),0.764300 (0.681300 + 0.083000),0.765100 (0.682200 + 0.082900),0.763200 (0.680400 + 0.082800),0.765000 (0.682200 + 0.082800),0.763400 (0.680400 + 0.083000),0.761500 (0.678600 + 0.082900),0.757000 (0.674100 + 0.082900),0.756000 (0.673200 + 0.082800),0.761600 (0.678600 + 0.083000),0.757900 (0.675000 + 0.082900),0.759700 (0.676800 + 0.082900),0.763100 (0.680400 + 0.082700),0.767800 (0.684900 + 0.082900),0.768700 (0.685800 + 0.082900),0.760600 (0.677700 + 0.082900),0.758800 (0.675900 + 0.082900),0.762200 (0.679500 + 0.082700),0.765100 (0.682200 + 0.082900),0.761500 (0.678600 + 0.082900),0.761400 (0.678600 + 0.082800),0.761300 (0.678600 + 0.082700),0.763300 (0.680400 + 0.082900),0.756100 (0.673200 + 0.082900),0.759600 (0.676800 + 0.082800),0.761600 (0.678600 + 0.083000),0.761400 (0.678600 + 0.082800),0.757000 (0.674100 + 0.082900),0.764200 (0.681300 + 0.082900),0.729000 (0.646200 + 0.082800),0.757900 (0.675000 + 0.082900),0.715600 (0.632700 + 0.082900),0.764100 (0.681300 + 0.082800),0.769600 (0.686700 + 0.082900),0.761400 (0.678600 + 0.082800),0.764900 (0.682200 + 0.082700),0.757000 (0.674100 + 0.082900),0.759800 (0.676800 + 0.083000),0.770600 (0.687600 + 0.083000),0.760700 (0.677700 + 0.083000),0.736100 (0.653400 + 0.082700),0.759600 (0.676800 + 0.082800),0.765100 (0.682200 + 0.082900),0.761400 (0.678600 + 0.082800),0.703800 (0.621000 + 0.082800),0.775000 (0.692100 + 0.082900),0.768700 (0.685800 + 0.082900),0.696700 (0.613800 + 0.082900),0.765100 (0.682200 + 0.082900),0.763200 (0.680400 + 0.082800),0.762300 (0.679500 + 0.082800),0.760600 (0.677700 + 0.082900),0.761600 (0.678600 + 0.083000),0.759600 (0.676800 + 0.082800),0.764200 (0.681300 + 0.082900),0.733500 (0.650700 + 0.082800),0.759700 (0.676800 + 0.082900),0.756000 (0.673200 + 0.082800),0.744600 (0.661500 + 0.083100),0.761400 (0.678600 + 0.082800),0.760700 (0.677700 + 0.083000),0.764300 (0.681300 + 0.083000),0.764100 (0.681300 + 0.082800),0.763300 (0.680400 + 0.082900),0.766000 (0.683100 + 0.082900),0.760600 (0.677700 + 0.082900),0.768700 (0.685800 + 0.082900),0.759600 (0.676800 + 0.082800),0.768700 (0.685800 + 0.082900),0.768700 (0.685800 + 0.082900),0.761500 (0.678600 + 0.082900),0.759600 (0.676800 + 0.082800),0.764100 (0.681300 + 0.082800),0.764200 (0.681300 + 0.082900),0.761400 (0.678600 + 0.082800),0.760500 (0.677700 + 0.082800),0.760700 (0.677700 + 0.083000),0.764000 (0.681300 + 0.082700),0.760600 (0.677700 + 0.082900),0.764200 (0.681300 + 0.082900),0.761400 (0.678600 + 0.082800),0.715300 (0.632700 + 0.082600),0.765000 (0.682200 + 0.082800)
68,0.740700 (0.657900 + 0.082800),0.764900 (0.682200 + 0.082700),0.748700 (0.666000 + 0.082700),0.760600 (0.677700 + 0.082900),0.767700 (0.684900 + 0.082800),0.763400 (0.680400 + 0.083000),0.771400 (0.688500 + 0.082900),0.766800 (0.684000 + 0.082800),0.740700 (0.657900 + 0.082800),0.760600 (0.677700 + 0.082900),0.766000 (0.683100 + 0.082900),0.766900 (0.684000 + 0.082900),0.765900 (0.683100 + 0.082800),0.766900 (0.684000 + 0.082900),0.765200 (0.682200 + 0.083000),0.766000 (0.683100 + 0.082900),0.745200 (0.662400 + 0.082800),0.762400 (0.679500 + 0.082900),0.770400 (0.687600 + 0.082800),0.765100 (0.682200 + 0.082900),0.763400 (0.680400 + 0.083000),0.770400 (0.687600 + 0.082800),0.766000 (0.683100 + 0.082900),0.763400 (0.680400 + 0.083000),0.765000 (0.682200 + 0.082800),0.762400 (0.679500 + 0.082900),0.764200 (0.681300 + 0.082900),0.769600 (0.686700 + 0.082900),0.766900 (0.684000 + 0.082900),0.767700 (0.684900 + 0.082800),0.768600 (0.685800 + 0.082800),0.715400 (0.632700 + 0.082700),0.768600 (0.685800 + 0.082800),0.768600 (0.685800 + 0.082800),0.764100 (0.681300 + 0.082800),0.769600 (0.686700 + 0.082900),0.769600 (0.686700 + 0.082900),0.768700 (0.685800 + 0.082900),0.763100 (0.680400 + 0.082700),0.769700 (0.686700 + 0.083000),0.713700 (0.630900 + 0.082800),0.766700 (0.684000 + 0.082700),0.762400 (0.679500 + 0.082900),0.765100 (0.682200 + 0.082900),0.760600 (0.677700 + 0.082900),0.769600 (0.686700 + 0.082900),0.769700 (0.686700 + 0.083000),0.753300 (0.670500 + 0.082800),0.759600 (0.676800 + 0.082800),0.760600 (0.677700 + 0.082900),0.768700 (0.685800 + 0.082900),0.765000 (0.682200 + 0.082800),0.773000 (0.690300 + 0.082700),0.777700 (0.694800 + 0.082900),0.765000 (0.682200 + 0.082800),0.767900 (0.684900 + 0.083000),0.765900 (0.683100 + 0.082800),0.762300 (0.679500 + 0.082800),0.765900 (0.683100 + 0.082800),0.767900 (0.684900 + 0.083000),0.765900 (0.683100 + 0.082800),0.774000 (0.691200 + 0.082800),0.763600 (0.680400 + 0.083200),0.761400 (0.678600 + 0.082800),0.751400 (0.668700 + 0.082700),0.769700 (0.686700 + 0.083000),0.770400 (0.687600 + 0.082800),0.758800 (0.675900 + 0.082900),0.768600 (0.685800 + 0.082800),0.763300 (0.680400 + 0.082900),0.773200 (0.690300 + 0.082900),0.763400 (0.680400 + 0.083000),0.770400 (0.687600 + 0.082800),0.765200 (0.682200 + 0.083000),0.762300 (0.679500 + 0.082800),0.682200 (0.599400 + 0.082800),0.768500 (0.685800 + 0.082700),0.647100 (0.564300 + 0.082800),0.728600 (0.646200 + 0.082400),0.765100 (0.682200 + 0.082900),0.766100 (0.683100 + 0.083000),0.766900 (0.684000 + 0.082900),0.766100 (0.683100 + 0.083000),0.770400 (0.687600 + 0.082800),0.760600 (0.677700 + 0.082900),0.758100 (0.675000 + 0.083100),0.726100 (0.643500 + 0.082600),0.766900 (0.684000 + 0.082900),0.768600 (0.685800 + 0.082800),0.771200 (0.688500 + 0.082700),0.767000 (0.684000 + 0.083000),0.767800 (0.684900 + 0.082900),0.766000 (0.683100 + 0.082900),0.766900 (0.684000 + 0.082900),0.760500 (0.677700 + 0.082800),0.766900 (0.684000 + 0.082900),0.765100 (0.682200 + 0.082900),0.765000 (0.682200 + 0.082800),0.765100 (0.682200 + 0.082900),0.766900 (0.684000 + 0.082900)
69,0.754300 (0.671400 + 0.082900),0.767900 (0.684900 + 0.083000),0.767900 (0.684900 + 0.083000),0.768700 (0.685800 + 0.082900),0.764200 (0.681300 + 0.082900),0.763200 (0.680400 + 0.082800),0.767800 (0.684900 + 0.082900),0.769500 (0.686700 + 0.082800),0.765900 (0.683100 + 0.082800),0.761400 (0.678600 + 0.082800),0.767000 (0.684000 + 0.083000),0.766900 (0.684000 + 0.082900),0.769600 (0.686700 + 0.082900),0.758100 (0.675000 + 0.083100),0.768700 (0.685800 + 0.082900),0.763400 (0.680400 + 0.083000),0.765900 (0.683100 + 0.082800),0.762300 (0.679500 + 0.082800),0.766100 (0.683100 + 0.083000),0.763200 (0.680400 + 0.082800),0.699400 (0.616500 + 0.082900),0.763400 (0.680400 + 0.083000),0.770500 (0.687600 + 0.082900),0.765000 (0.682200 + 0.082800),0.766000 (0.683100 + 0.082900),0.766900 (0.684000 + 0.082900),0.764200 (0.681300 + 0.082900),0.768700 (0.685800 + 0.082900),0.768700 (0.685800 + 0.082900),0.690300 (0.607500 + 0.082800),0.769500 (0.686700 + 0.082800),0.770500 (0.687600 + 0.082900),0.763100 (0.680400 + 0.082700),0.766900 (0.684000 + 0.082900),0.762300 (0.679500 + 0.082800),0.754000 (0.671400 + 0.082600),0.766000 (0.683100 + 0.082900),0.764000 (0.681300 + 0.082700),0.768700 (0.685800 + 0.082900),0.768700 (0.685800 + 0.082900),0.766000 (0.683100 + 0.082900),0.766000 (0.683100 + 0.082900),0.766800 (0.684000 + 0.082800),0.768700 (0.685800 + 0.082900),0.764900 (0.682200 + 0.082700),0.754300 (0.671400 + 0.082900),0.766800 (0.684000 + 0.082800),0.762300 (0.679500 + 0.082800),0.652400 (0.569700 + 0.082700),0.768500 (0.685800 + 0.082700),0.763300 (0.680400 + 0.082900),0.761400 (0.678600 + 0.082800),0.753400 (0.670500 + 0.082900),0.769500 (0.686700 + 0.082800),0.769600 (0.686700 + 0.082900),0.764200 (0.681300 + 0.082900),0.634500 (0.551700 + 0.082800),0.746000 (0.663300 + 0.082700),0.751500 (0.668700 + 0.082800),0.711000 (0.628200 + 0.082800),0.766900 (0.684000 + 0.082900),0.764900 (0.682200 + 0.082700),0.765100 (0.682200 + 0.082900),0.766900 (0.684000 + 0.082900),0.727300 (0.644400 + 0.082900),0.767800 (0.684900 + 0.082900),0.767000 (0.684000 + 0.083000),0.766800 (0.684000 + 0.082800),0.766200 (0.683100 + 0.083100),0.765900 (0.683100 + 0.082800),0.768700 (0.685800 + 0.082900),0.766900 (0.684000 + 0.082900),0.768600 (0.685800 + 0.082800),0.766100 (0.683100 + 0.083000),0.766000 (0.683100 + 0.082900),0.746400 (0.663300 + 0.083100),0.758000 (0.675000 + 0.083000),0.767700 (0.684900 + 0.082800),0.765900 (0.683100 + 0.082800),0.694700 (0.612000 + 0.082700),0.767900 (0.684900 + 0.083000),0.764200 (0.681300 + 0.082900),0.765800 (0.683100 + 0.082700),0.639700 (0.557100 + 0.082600),0.771500 (0.688500 + 0.083000),0.766800 (0.684000 + 0.082800),0.767000 (0.684000 + 0.083000),0.765200 (0.682200 + 0.083000),0.766000 (0.683100 + 0.082900),0.766100 (0.683100 + 0.083000),0.769600 (0.686700 + 0.082900),0.766000 (0.683100 + 0.082900),0.654300 (0.571500 + 0.082800),0.765000 (0.682200 + 0.082800),0.764100 (0.681300 + 0.082800),0.772200 (0.689400 + 0.082800),0.693000 (0.610200 + 0.082800),0.767800 (0.684900 + 0.082900),0.769500 (0.686700 + 0.082800),0.766000 (0.683100 + 0.082900)
70,0.752400 (0.669600 + 0.082800),0.752400 (0.669600 + 0.082800),0.755200 (0.672300 + 0.082900),0.625200 (0.542700 + 0.082500),0.750600 (0.667800 + 0.082800),0.751600 (0.668700 + 0.082900),0.735200 (0.652500 + 0.082700),0.742500 (0.659700 + 0.082800),0.721000 (0.638100 + 0.082900),0.755300 (0.672300 + 0.083000),0.750600 (0.667800 + 0.082800),0.749800 (0.666900 + 0.082900),0.716500 (0.633600 + 0.082900),0.752400 (0.669600 + 0.082800),0.750600 (0.667800 + 0.082800),0.757000 (0.674100 + 0.082900),0.753400 (0.670500 + 0.082900),0.747100 (0.664200 + 0.082900),0.754200 (0.671400 + 0.082800),0.747900 (0.665100 + 0.082800),0.753500 (0.670500 + 0.083000),0.751400 (0.668700 + 0.082700),0.748900 (0.666000 + 0.082900),0.755300 (0.672300 + 0.083000),0.749700 (0.666900 + 0.082800),0.684900 (0.602100 + 0.082800),0.753400 (0.670500 + 0.082900),0.752400 (0.669600 + 0.082800),0.752300 (0.669600 + 0.082700),0.751600 (0.668700 + 0.082900),0.752600 (0.669600 + 0.083000),0.751600 (0.668700 + 0.082900),0.750700 (0.667800 + 0.082900),0.753200 (0.670500 + 0.082700),0.745300 (0.662400 + 0.082900),0.751600 (0.668700 + 0.082900),0.753400 (0.670500 + 0.082900),0.750700 (0.667800 + 0.082900),0.753400 (0.670500 + 0.082900),0.747900 (0.665100 + 0.082800),0.750800 (0.667800 + 0.083000),0.753400 (0.670500 + 0.082900),0.757000 (0.674100 + 0.082900),0.753300 (0.670500 + 0.082800),0.747100 (0.664200 + 0.082900),0.750600 (0.667800 + 0.082800),0.750600 (0.667800 + 0.082800),0.750800 (0.667800 + 0.083000),0.747900 (0.665100 + 0.082800),0.755200 (0.672300 + 0.082900),0.750800 (0.667800 + 0.083000),0.747000 (0.664200 + 0.082800),0.754400 (0.671400 + 0.083000),0.753300 (0.670500 + 0.082800),0.757000 (0.674100 + 0.082900),0.751500 (0.668700 + 0.082800),0.749700 (0.666900 + 0.082800),0.754400 (0.671400 + 0.083000),0.752400 (0.669600 + 0.082800),0.747100 (0.664200 + 0.082900),0.754200 (0.671400 + 0.082800),0.749700 (0.666900 + 0.082800),0.754400 (0.671400 + 0.083000),0.751600 (0.668700 + 0.082900),0.753500 (0.670500 + 0.083000),0.747000 (0.664200 + 0.082800),0.757000 (0.674100 + 0.082900),0.747800 (0.665100 + 0.082700),0.757000 (0.674100 + 0.082900),0.753400 (0.670500 + 0.082900),0.750600 (0.667800 + 0.082800),0.752600 (0.669600 + 0.083000),0.749800 (0.666900 + 0.082900),0.689500 (0.606600 + 0.082900),0.752500 (0.669600 + 0.082900),0.752500 (0.669600 + 0.082900),0.753400 (0.670500 + 0.082900),0.752400 (0.669600 + 0.082800),0.750600 (0.667800 + 0.082800),0.757000 (0.674100 + 0.082900),0.749700 (0.666900 + 0.082800),0.751600 (0.668700 + 0.082900),0.750700 (0.667800 + 0.082900),0.752400 (0.669600 + 0.082800),0.758700 (0.675900 + 0.082800),0.751600 (0.668700 + 0.082900),0.751700 (0.668700 + 0.083000),0.753500 (0.670500 + 0.083000),0.750700 (0.667800 + 0.082900),0.754100 (0.671400 + 0.082700),0.750700 (0.667800 + 0.082900),0.753400 (0.670500 + 0.082900),0.752600 (0.669600 + 0.083000),0.749900 (0.666900 + 0.083000),0.747800 (0.665100 + 0.082700),0.749700 (0.666900 + 0.082800),0.750800 (0.667800 + 0.083000),0.752400 (0.669600 + 0.082800),0.754200 (0.671400 + 0.082800),0.751500 (0.668700 + 0.082800)
71,0.782100 (0.699300 + 0.082800),0.778600 (0.695700 + 0.082900),0.776800 (0.693900 + 0.082900),0.775900 (0.693000 + 0.082900),0.776000 (0.693000 + 0.083000),0.773100 (0.690300 + 0.082800),0.775900 (0.693000 + 0.082900),0.779600 (0.696600 + 0.083000),0.779600 (0.696600 + 0.083000),0.775000 (0.692100 + 0.082900),0.776800 (0.693900 + 0.082900),0.781200 (0.698400 + 0.082800),0.778700 (0.695700 + 0.083000),0.775800 (0.693000 + 0.082800),0.707500 (0.624600 + 0.082900),0.775800 (0.693000 + 0.082800),0.775900 (0.693000 + 0.082900),0.777800 (0.694800 + 0.083000),0.777800 (0.694800 + 0.083000),0.776800 (0.693900 + 0.082900),0.776000 (0.693000 + 0.083000),0.778600 (0.695700 + 0.082900),0.774100 (0.691200 + 0.082900),0.775800 (0.693000 + 0.082800),0.730000 (0.647100 + 0.082900),0.779600 (0.696600 + 0.083000),0.756100 (0.673200 + 0.082900),0.773100 (0.690300 + 0.082800),0.777700 (0.694800 + 0.082900),0.752300 (0.669600 + 0.082700),0.774900 (0.692100 + 0.082800),0.776800 (0.693900 + 0.082900),0.775700 (0.693000 + 0.082700),0.775900 (0.693000 + 0.082900),0.779400 (0.696600 + 0.082800),0.776800 (0.693900 + 0.082900),0.768500 (0.685800 + 0.082700),0.775800 (0.693000 + 0.082800),0.775800 (0.693000 + 0.082800),0.775800 (0.693000 + 0.082800),0.775800 (0.693000 + 0.082800),0.777700 (0.694800 + 0.082900),0.782200 (0.699300 + 0.082900),0.774900 (0.692100 + 0.082800),0.724600 (0.641700 + 0.082900),0.775800 (0.693000 + 0.082800),0.775800 (0.693000 + 0.082800),0.774900 (0.692100 + 0.082800),0.773900 (0.691200 + 0.082700),0.772400 (0.689400 + 0.083000),0.758700 (0.675900 + 0.082800),0.755100 (0.672300 + 0.082800),0.776800 (0.693900 + 0.082900),0.776800 (0.693900 + 0.082900),0.774900 (0.692100 + 0.082800),0.773200 (0.690300 + 0.082900),0.774100 (0.691200 + 0.082900),0.780500 (0.697500 + 0.083000),0.775000 (0.692100 + 0.082900),0.774900 (0.692100 + 0.082800),0.776700 (0.693900 + 0.082800),0.774100 (0.691200 + 0.082900),0.775100 (0.692100 + 0.083000),0.776000 (0.693000 + 0.083000),0.773900 (0.691200 + 0.082700),0.776800 (0.693900 + 0.082900),0.776800 (0.693900 + 0.082900),0.774200 (0.691200 + 0.083000),0.774200 (0.691200 + 0.083000),0.779500 (0.696600 + 0.082900),0.779500 (0.696600 + 0.082900),0.776800 (0.693900 + 0.082900),0.777500 (0.694800 + 0.082700),0.776800 (0.693900 + 0.082900),0.776800 (0.693900 + 0.082900),0.775900 (0.693000 + 0.082900),0.776000 (0.693000 + 0.083000),0.774900 (0.692100 + 0.082800),0.775000 (0.692100 + 0.082900),0.775000 (0.692100 + 0.082900),0.774100 (0.691200 + 0.082900),0.775800 (0.693000 + 0.082800),0.779500 (0.696600 + 0.082900),0.775900 (0.693000 + 0.082900),0.775000 (0.692100 + 0.082900),0.710200 (0.627300 + 0.082900),0.776000 (0.693000 + 0.083000),0.774900 (0.692100 + 0.082800),0.777800 (0.694800 + 0.083000),0.776000 (0.693000 + 0.083000),0.683100 (0.600300 + 0.082800),0.776800 (0.693900 + 0.082900),0.779600 (0.696600 + 0.083000),0.776800 (0.693900 + 0.082900),0.774200 (0.691200 + 0.083000),0.782300 (0.699300 + 0.083000),0.727300 (0.644400 + 0.082900),0.779500 (0.696600 + 0.082900),0.776800 (0.693900 + 0.082900),0.777800 (0.694800 + 0.083000)
72,0.778700 (0.695700 + 0.083000),0.773100 (0.690300 + 0.082800),0.780500 (0.697500 + 0.083000),0.780400 (0.697500 + 0.082900),0.777600 (0.694800 + 0.082800),0.781400 (0.698400 + 0.083000),0.767800 (0.684900 + 0.082900),0.784000 (0.701100 + 0.082900),0.783900 (0.701100 + 0.082800),0.778500 (0.695700 + 0.082800),0.780400 (0.697500 + 0.082900),0.770600 (0.687600 + 0.083000),0.769600 (0.686700 + 0.082900),0.784100 (0.701100 + 0.083000),0.773100 (0.690300 + 0.082800),0.732500 (0.649800 + 0.082700),0.751500 (0.668700 + 0.082800),0.783200 (0.700200 + 0.083000),0.784000 (0.701100 + 0.082900),0.780500 (0.697500 + 0.083000),0.784000 (0.701100 + 0.082900),0.774100 (0.691200 + 0.082900),0.784000 (0.701100 + 0.082900),0.780500 (0.697500 + 0.083000),0.783100 (0.700200 + 0.082900),0.774200 (0.691200 + 0.083000),0.776600 (0.693900 + 0.082700),0.778500 (0.695700 + 0.082800),0.781300 (0.698400 + 0.082900),0.781200 (0.698400 + 0.082800),0.780400 (0.697500 + 0.082900),0.780400 (0.697500 + 0.082900),0.739900 (0.657000 + 0.082900),0.780400 (0.697500 + 0.082900),0.784000 (0.701100 + 0.082900),0.741600 (0.658800 + 0.082800),0.781400 (0.698400 + 0.083000),0.779500 (0.696600 + 0.082900),0.782200 (0.699300 + 0.082900),0.778700 (0.695700 + 0.083000),0.785000 (0.702000 + 0.083000),0.762300 (0.679500 + 0.082800),0.757700 (0.675000 + 0.082700),0.771600 (0.688500 + 0.083100),0.775900 (0.693000 + 0.082900),0.761400 (0.678600 + 0.082800),0.782200 (0.699300 + 0.082900),0.778700 (0.695700 + 0.083000),0.782200 (0.699300 + 0.082900),0.785600 (0.702900 + 0.082700),0.781200 (0.698400 + 0.082800),0.782100 (0.699300 + 0.082800),0.777700 (0.694800 + 0.082900),0.780400 (0.697500 + 0.082900),0.778500 (0.695700 + 0.082800),0.778500 (0.695700 + 0.082800),0.780300 (0.697500 + 0.082800),0.780300 (0.697500 + 0.082800),0.774100 (0.691200 + 0.082900),0.777700 (0.694800 + 0.082900),0.776700 (0.693900 + 0.082800),0.724500 (0.641700 + 0.082800),0.779500 (0.696600 + 0.082900),0.770500 (0.687600 + 0.082900),0.780400 (0.697500 + 0.082900),0.779500 (0.696600 + 0.082900),0.779500 (0.696600 + 0.082900),0.774000 (0.691200 + 0.082800),0.778700 (0.695700 + 0.083000),0.770600 (0.687600 + 0.083000),0.780400 (0.697500 + 0.082900),0.781400 (0.698400 + 0.083000),0.737800 (0.655200 + 0.082600),0.778500 (0.695700 + 0.082800),0.780400 (0.697500 + 0.082900),0.781200 (0.698400 + 0.082800),0.779400 (0.696600 + 0.082800),0.715400 (0.632700 + 0.082700),0.734400 (0.651600 + 0.082800),0.734400 (0.651600 + 0.082800),0.750600 (0.667800 + 0.082800),0.780400 (0.697500 + 0.082900),0.780400 (0.697500 + 0.082900),0.700200 (0.617400 + 0.082800),0.776900 (0.693900 + 0.083000),0.785000 (0.702000 + 0.083000),0.775900 (0.693000 + 0.082900),0.780500 (0.697500 + 0.083000),0.776700 (0.693900 + 0.082800),0.781400 (0.698400 + 0.083000),0.781300 (0.698400 + 0.082900),0.778700 (0.695700 + 0.083000),0.782200 (0.699300 + 0.082900),0.659800 (0.576900 + 0.082900),0.775900 (0.693000 + 0.082900),0.778500 (0.695700 + 0.082800),0.786800 (0.703800 + 0.083000),0.781400 (0.698400 + 0.083000),0.777600 (0.694800 + 0.082800),0.765100 (0.682200 + 0.082900)
73,0.771500 (0.688500 + 0.083000),0.775900 (0.693000 + 0.082900),0.773200 (0.690300 + 0.082900),0.775000 (0.692100 + 0.082900),0.767800 (0.684900 + 0.082900),0.778600 (0.695700 + 0.082900),0.773200 (0.690300 + 0.082900),0.775000 (0.692100 + 0.082900),0.713000 (0.630000 + 0.083000),0.770500 (0.687600 + 0.082900),0.773200 (0.690300 + 0.082900),0.773100 (0.690300 + 0.082800),0.769700 (0.686700 + 0.083000),0.772300 (0.689400 + 0.082900),0.774200 (0.691200 + 0.083000),0.774900 (0.692100 + 0.082800),0.774900 (0.692100 + 0.082800),0.778600 (0.695700 + 0.082900),0.767800 (0.684900 + 0.082900),0.775800 (0.693000 + 0.082800),0.774800 (0.692100 + 0.082700),0.776700 (0.693900 + 0.082800),0.769600 (0.686700 + 0.082900),0.773100 (0.690300 + 0.082800),0.782000 (0.699300 + 0.082700),0.775000 (0.692100 + 0.082900),0.772100 (0.689400 + 0.082700),0.773100 (0.690300 + 0.082800),0.776800 (0.693900 + 0.082900),0.775000 (0.692100 + 0.082900),0.720100 (0.637200 + 0.082900),0.777700 (0.694800 + 0.082900),0.721900 (0.639000 + 0.082900),0.770500 (0.687600 + 0.082900),0.777700 (0.694800 + 0.082900),0.774900 (0.692100 + 0.082800),0.770600 (0.687600 + 0.083000),0.774100 (0.691200 + 0.082900),0.774900 (0.692100 + 0.082800),0.775000 (0.692100 + 0.082900),0.724500 (0.641700 + 0.082800),0.769700 (0.686700 + 0.083000),0.769700 (0.686700 + 0.083000),0.768800 (0.685800 + 0.083000),0.770500 (0.687600 + 0.082900),0.767900 (0.684900 + 0.083000),0.748600 (0.666000 + 0.082600),0.742500 (0.659700 + 0.082800),0.773100 (0.690300 + 0.082800),0.775700 (0.693000 + 0.082700),0.773300 (0.690300 + 0.083000),0.770600 (0.687600 + 0.083000),0.775000 (0.692100 + 0.082900),0.694100 (0.611100 + 0.083000),0.774100 (0.691200 + 0.082900),0.726300 (0.643500 + 0.082800),0.786600 (0.703800 + 0.082800),0.768700 (0.685800 + 0.082900),0.736100 (0.653400 + 0.082700),0.775000 (0.692100 + 0.082900),0.774900 (0.692100 + 0.082800),0.778600 (0.695700 + 0.082900),0.775000 (0.692100 + 0.082900),0.769600 (0.686700 + 0.082900),0.777700 (0.694800 + 0.082900),0.774900 (0.692100 + 0.082800),0.771300 (0.688500 + 0.082800),0.767000 (0.684000 + 0.083000),0.778600 (0.695700 + 0.082900),0.775000 (0.692100 + 0.082900),0.770600 (0.687600 + 0.083000),0.737000 (0.654300 + 0.082700),0.770400 (0.687600 + 0.082800),0.778600 (0.695700 + 0.082900),0.773100 (0.690300 + 0.082800),0.768700 (0.685800 + 0.082900),0.768700 (0.685800 + 0.082900),0.767900 (0.684900 + 0.083000),0.765200 (0.682200 + 0.083000),0.774100 (0.691200 + 0.082900),0.719200 (0.636300 + 0.082900),0.774800 (0.692100 + 0.082700),0.765100 (0.682200 + 0.082900),0.774000 (0.691200 + 0.082800),0.777700 (0.694800 + 0.082900),0.775000 (0.692100 + 0.082900),0.775000 (0.692100 + 0.082900),0.772200 (0.689400 + 0.082800),0.775000 (0.692100 + 0.082900),0.770500 (0.687600 + 0.082900),0.737100 (0.654300 + 0.082800),0.773200 (0.690300 + 0.082900),0.712000 (0.629100 + 0.082900),0.778600 (0.695700 + 0.082900),0.767900 (0.684900 + 0.083000),0.775000 (0.692100 + 0.082900),0.770600 (0.687600 + 0.083000),0.770400 (0.687600 + 0.082800),0.769700 (0.686700 + 0.083000),0.772200 (0.689400 + 0.082800)
74,0.761400 (0.678600 + 0.082800),0.749800 (0.666900 + 0.082900),0.753300 (0.670500 + 0.082800),0.749800 (0.666900 + 0.082900),0.746100 (0.663300 + 0.082800),0.744400 (0.661500 + 0.082900),0.749900 (0.666900 + 0.083000),0.757900 (0.675000 + 0.082900),0.758900 (0.675900 + 0.083000),0.683000 (0.600300 + 0.082700),0.745200 (0.662400 + 0.082800),0.746200 (0.663300 + 0.082900),0.748900 (0.666000 + 0.082900),0.756900 (0.674100 + 0.082800),0.751400 (0.668700 + 0.082700),0.751600 (0.668700 + 0.082900),0.748900 (0.666000 + 0.082900),0.749800 (0.666900 + 0.082900),0.750800 (0.667800 + 0.083000),0.751600 (0.668700 + 0.082900),0.745400 (0.662400 + 0.083000),0.749800 (0.666900 + 0.082900),0.751600 (0.668700 + 0.082900),0.749900 (0.666900 + 0.083000),0.750500 (0.667800 + 0.082700),0.747900 (0.665100 + 0.082800),0.748900 (0.666000 + 0.082900),0.742400 (0.659700 + 0.082700),0.746300 (0.663300 + 0.083000),0.749800 (0.666900 + 0.082900),0.751400 (0.668700 + 0.082700),0.744400 (0.661500 + 0.082900),0.749800 (0.666900 + 0.082900),0.750700 (0.667800 + 0.082900),0.751600 (0.668700 + 0.082900),0.751400 (0.668700 + 0.082700),0.745400 (0.662400 + 0.083000),0.746000 (0.663300 + 0.082700),0.744400 (0.661500 + 0.082900),0.744400 (0.661500 + 0.082900),0.749800 (0.666900 + 0.082900),0.704000 (0.621000 + 0.083000),0.744400 (0.661500 + 0.082900),0.756000 (0.673200 + 0.082800),0.746100 (0.663300 + 0.082800),0.757700 (0.675000 + 0.082700),0.748900 (0.666000 + 0.082900),0.744400 (0.661500 + 0.082900),0.750700 (0.667800 + 0.082900),0.747000 (0.664200 + 0.082800),0.724500 (0.641700 + 0.082800),0.715500 (0.632700 + 0.082800),0.764200 (0.681300 + 0.082900),0.756900 (0.674100 + 0.082800),0.700100 (0.617400 + 0.082700),0.744400 (0.661500 + 0.082900),0.748900 (0.666000 + 0.082900),0.752600 (0.669600 + 0.083000),0.752400 (0.669600 + 0.082800),0.723500 (0.640800 + 0.082700),0.749800 (0.666900 + 0.082900),0.710900 (0.628200 + 0.082700),0.751600 (0.668700 + 0.082900),0.734500 (0.651600 + 0.082900),0.708300 (0.625500 + 0.082800),0.745200 (0.662400 + 0.082800),0.751600 (0.668700 + 0.082900),0.748900 (0.666000 + 0.082900),0.748900 (0.666000 + 0.082900),0.756900 (0.674100 + 0.082800),0.749800 (0.666900 + 0.082900),0.749800 (0.666900 + 0.082900),0.749800 (0.666900 + 0.082900),0.748800 (0.666000 + 0.082800),0.744400 (0.661500 + 0.082900),0.755100 (0.672300 + 0.082800),0.748000 (0.665100 + 0.082900),0.749800 (0.666900 + 0.082900),0.744400 (0.661500 + 0.082900),0.749600 (0.666900 + 0.082700),0.747100 (0.664200 + 0.082900),0.755900 (0.673200 + 0.082700),0.741700 (0.658800 + 0.082900),0.750600 (0.667800 + 0.082800),0.748900 (0.666000 + 0.082900),0.744400 (0.661500 + 0.082900),0.746900 (0.664200 + 0.082700),0.747000 (0.664200 + 0.082800),0.744400 (0.661500 + 0.082900),0.739900 (0.657000 + 0.082900),0.749800 (0.666900 + 0.082900),0.747000 (0.664200 + 0.082800),0.748900 (0.666000 + 0.082900),0.744400 (0.661500 + 0.082900),0.751500 (0.668700 + 0.082800),0.748100 (0.665100 + 0.083000),0.746300 (0.663300 + 0.083000),0.745200 (0.662400 + 0.082800),0.666800 (0.584100 + 0.082700),0.749800 (0.666900 + 0.082900)
75,0.775900 (0.693000 + 0.082900),0.776900 (0.693900 + 0.083000),0.769600 (0.686700 + 0.082900),0.773200 (0.690300 + 0.082900),0.775000 (0.692100 + 0.082900),0.777800 (0.694800 + 0.083000),0.774100 (0.691200 + 0.082900),0.773200 (0.690300 + 0.082900),0.767000 (0.684000 + 0.083000),0.766800 (0.684000 + 0.082800),0.770500 (0.687600 + 0.082900),0.774800 (0.692100 + 0.082700),0.711700 (0.629100 + 0.082600),0.705300 (0.622800 + 0.082500),0.773200 (0.690300 + 0.082900),0.773200 (0.690300 + 0.082900),0.776000 (0.693000 + 0.083000),0.773200 (0.690300 + 0.082900),0.779600 (0.696600 + 0.083000),0.772300 (0.689400 + 0.082900),0.751200 (0.668700 + 0.082500),0.772300 (0.689400 + 0.082900),0.775000 (0.692100 + 0.082900),0.768800 (0.685800 + 0.083000),0.776600 (0.693900 + 0.082700),0.779400 (0.696600 + 0.082800),0.773200 (0.690300 + 0.082900),0.778400 (0.695700 + 0.082700),0.777600 (0.694800 + 0.082800),0.775000 (0.692100 + 0.082900),0.770400 (0.687600 + 0.082800),0.769600 (0.686700 + 0.082900),0.775900 (0.693000 + 0.082900),0.767900 (0.684900 + 0.083000),0.772200 (0.689400 + 0.082800),0.773200 (0.690300 + 0.082900),0.774100 (0.691200 + 0.082900),0.774100 (0.691200 + 0.082900),0.772300 (0.689400 + 0.082900),0.685800 (0.603000 + 0.082800),0.775000 (0.692100 + 0.082900),0.772200 (0.689400 + 0.082800),0.764100 (0.681300 + 0.082800),0.771200 (0.688500 + 0.082700),0.729000 (0.646200 + 0.082800),0.775700 (0.693000 + 0.082700),0.778600 (0.695700 + 0.082900),0.776700 (0.693900 + 0.082800),0.768700 (0.685800 + 0.082900),0.773200 (0.690300 + 0.082900),0.773200 (0.690300 + 0.082900),0.773200 (0.690300 + 0.082900),0.782200 (0.699300 + 0.082900),0.775000 (0.692100 + 0.082900),0.658600 (0.576000 + 0.082600),0.775000 (0.692100 + 0.082900),0.734500 (0.651600 + 0.082900),0.773900 (0.691200 + 0.082700),0.773900 (0.691200 + 0.082700),0.777700 (0.694800 + 0.082900),0.773200 (0.690300 + 0.082900),0.773200 (0.690300 + 0.082900),0.773200 (0.690300 + 0.082900),0.773200 (0.690300 + 0.082900),0.777800 (0.694800 + 0.083000),0.773200 (0.690300 + 0.082900),0.769400 (0.686700 + 0.082700),0.774100 (0.691200 + 0.082900),0.775000 (0.692100 + 0.082900),0.774000 (0.691200 + 0.082800),0.771300 (0.688500 + 0.082800),0.774100 (0.691200 + 0.082900),0.773200 (0.690300 + 0.082900),0.775800 (0.693000 + 0.082800),0.773300 (0.690300 + 0.083000),0.727100 (0.644400 + 0.082700),0.774200 (0.691200 + 0.083000),0.773100 (0.690300 + 0.082800),0.776700 (0.693900 + 0.082800),0.778400 (0.695700 + 0.082700),0.773200 (0.690300 + 0.082900),0.769600 (0.686700 + 0.082900),0.774000 (0.691200 + 0.082800),0.775000 (0.692100 + 0.082900),0.770500 (0.687600 + 0.082900),0.774000 (0.691200 + 0.082800),0.775000 (0.692100 + 0.082900),0.774000 (0.691200 + 0.082800),0.769600 (0.686700 + 0.082900),0.775900 (0.693000 + 0.082900),0.777600 (0.694800 + 0.082800),0.774000 (0.691200 + 0.082800),0.775900 (0.693000 + 0.082900),0.774100 (0.691200 + 0.082900),0.777800 (0.694800 + 0.083000),0.774900 (0.692100 + 0.082800),0.750600 (0.667800 + 0.082800),0.773100 (0.690300 + 0.082800),0.773100 (0.690300 + 0.082800),0.770400 (0.687600 + 0.082800)
76,0.771400 (0.688500 + 0.082900),0.778600 (0.695700 + 0.082900),0.775800 (0.693000 + 0.082800),0.774900 (0.692100 + 0.082800),0.770500 (0.687600 + 0.082900),0.734300 (0.651600 + 0.082700),0.756900 (0.674100 + 0.082800),0.775700 (0.693000 + 0.082700),0.732600 (0.649800 + 0.082800),0.775800 (0.693000 + 0.082800),0.775800 (0.693000 + 0.082800),0.778600 (0.695700 + 0.082900),0.778600 (0.695700 + 0.082900),0.776700 (0.693900 + 0.082800),0.782100 (0.699300 + 0.082800),0.766000 (0.683100 + 0.082900),0.779400 (0.696600 + 0.082800),0.777600 (0.694800 + 0.082800),0.775800 (0.693000 + 0.082800),0.777700 (0.694800 + 0.082900),0.776000 (0.693000 + 0.083000),0.772100 (0.689400 + 0.082700),0.773000 (0.690300 + 0.082700),0.774200 (0.691200 + 0.083000),0.773200 (0.690300 + 0.082900),0.743300 (0.660600 + 0.082700),0.776800 (0.693900 + 0.082900),0.769500 (0.686700 + 0.082800),0.777700 (0.694800 + 0.082900),0.776800 (0.693900 + 0.082900),0.778700 (0.695700 + 0.083000),0.774800 (0.692100 + 0.082700),0.771500 (0.688500 + 0.083000),0.742400 (0.659700 + 0.082700),0.767800 (0.684900 + 0.082900),0.780400 (0.697500 + 0.082900),0.775900 (0.693000 + 0.082900),0.772400 (0.689400 + 0.083000),0.736300 (0.653400 + 0.082900),0.751600 (0.668700 + 0.082900),0.769700 (0.686700 + 0.083000),0.772300 (0.689400 + 0.082900),0.775000 (0.692100 + 0.082900),0.768700 (0.685800 + 0.082900),0.778500 (0.695700 + 0.082800),0.729800 (0.647100 + 0.082700),0.773100 (0.690300 + 0.082800),0.782900 (0.700200 + 0.082700),0.775900 (0.693000 + 0.082900),0.780400 (0.697500 + 0.082900),0.763200 (0.680400 + 0.082800),0.778600 (0.695700 + 0.082900),0.750400 (0.667800 + 0.082600),0.778600 (0.695700 + 0.082900),0.756000 (0.673200 + 0.082800),0.780400 (0.697500 + 0.082900),0.775900 (0.693000 + 0.082900),0.775100 (0.692100 + 0.083000),0.780400 (0.697500 + 0.082900),0.780400 (0.697500 + 0.082900),0.769600 (0.686700 + 0.082900),0.781300 (0.698400 + 0.082900),0.768500 (0.685800 + 0.082700),0.772200 (0.689400 + 0.082800),0.753400 (0.670500 + 0.082900),0.774900 (0.692100 + 0.082800),0.775800 (0.693000 + 0.082800),0.773900 (0.691200 + 0.082700),0.773200 (0.690300 + 0.082900),0.772300 (0.689400 + 0.082900),0.736200 (0.653400 + 0.082800),0.767700 (0.684900 + 0.082800),0.755400 (0.672300 + 0.083100),0.778500 (0.695700 + 0.082800),0.772300 (0.689400 + 0.082900),0.775900 (0.693000 + 0.082900),0.776900 (0.693900 + 0.083000),0.769700 (0.686700 + 0.083000),0.773800 (0.691200 + 0.082600),0.782900 (0.700200 + 0.082700),0.777700 (0.694800 + 0.082900),0.772300 (0.689400 + 0.082900),0.777800 (0.694800 + 0.083000),0.775000 (0.692100 + 0.082900),0.777600 (0.694800 + 0.082800),0.776800 (0.693900 + 0.082900),0.779600 (0.696600 + 0.083000),0.775900 (0.693000 + 0.082900),0.777800 (0.694800 + 0.083000),0.781300 (0.698400 + 0.082900),0.780300 (0.697500 + 0.082800),0.780400 (0.697500 + 0.082900),0.769500 (0.686700 + 0.082800),0.775900 (0.693000 + 0.082900),0.775900 (0.693000 + 0.082900),0.769800 (0.686700 + 0.083100),0.775000 (0.692100 + 0.082900),0.768700 (0.685800 + 0.082900),0.778600 (0.695700 + 0.082900),0.772200 (0.689400 + 0.082800)
77,0.791900 (0.709200 + 0.082700),0.789400 (0.706500 + 0.082900),0.764000 (0.681300 + 0.082700),0.787600 (0.704700 + 0.082900),0.789400 (0.706500 + 0.082900),0.790200 (0.707400 + 0.082800),0.790300 (0.707400 + 0.082900),0.791900 (0.709200 + 0.082700),0.792100 (0.709200 + 0.082900),0.791000 (0.708300 + 0.082700),0.787600 (0.704700 + 0.082900),0.788400 (0.705600 + 0.082800),0.784000 (0.701100 + 0.082900),0.792100 (0.709200 + 0.082900),0.792900 (0.710100 + 0.082800),0.792100 (0.709200 + 0.082900),0.791100 (0.708300 + 0.082800),0.789200 (0.706500 + 0.082700),0.792100 (0.709200 + 0.082900),0.787700 (0.704700 + 0.083000),0.792100 (0.709200 + 0.082900),0.790400 (0.707400 + 0.083000),0.789400 (0.706500 + 0.082900),0.789400 (0.706500 + 0.082900),0.793000 (0.710100 + 0.082900),0.790100 (0.707400 + 0.082700),0.792100 (0.709200 + 0.082900),0.789300 (0.706500 + 0.082800),0.789300 (0.706500 + 0.082800),0.791200 (0.708300 + 0.082900),0.791100 (0.708300 + 0.082800),0.781300 (0.698400 + 0.082900),0.790200 (0.707400 + 0.082800),0.787500 (0.704700 + 0.082800),0.791000 (0.708300 + 0.082700),0.791100 (0.708300 + 0.082800),0.792100 (0.709200 + 0.082900),0.702900 (0.620100 + 0.082800),0.791200 (0.708300 + 0.082900),0.787700 (0.704700 + 0.083000),0.792100 (0.709200 + 0.082900),0.792200 (0.709200 + 0.083000),0.791100 (0.708300 + 0.082800),0.792900 (0.710100 + 0.082800),0.793000 (0.710100 + 0.082900),0.741800 (0.658800 + 0.083000),0.789400 (0.706500 + 0.082900),0.790200 (0.707400 + 0.082800),0.791200 (0.708300 + 0.082900),0.791200 (0.708300 + 0.082900),0.789400 (0.706500 + 0.082900),0.752400 (0.669600 + 0.082800),0.789400 (0.706500 + 0.082900),0.789400 (0.706500 + 0.082900),0.793800 (0.711000 + 0.082800),0.791200 (0.708300 + 0.082900),0.792100 (0.709200 + 0.082900),0.787700 (0.704700 + 0.083000),0.792100 (0.709200 + 0.082900),0.791200 (0.708300 + 0.082900),0.793800 (0.711000 + 0.082800),0.786600 (0.703800 + 0.082800),0.791100 (0.708300 + 0.082800),0.791200 (0.708300 + 0.082900),0.790200 (0.707400 + 0.082800),0.792100 (0.709200 + 0.082900),0.785900 (0.702900 + 0.083000),0.792900 (0.710100 + 0.082800),0.787600 (0.704700 + 0.082900),0.788500 (0.705600 + 0.082900),0.786800 (0.703800 + 0.083000),0.783900 (0.701100 + 0.082800),0.791200 (0.708300 + 0.082900),0.792200 (0.709200 + 0.083000),0.789400 (0.706500 + 0.082900),0.785000 (0.702000 + 0.083000),0.792200 (0.709200 + 0.083000),0.787500 (0.704700 + 0.082800),0.789400 (0.706500 + 0.082900),0.790200 (0.707400 + 0.082800),0.791200 (0.708300 + 0.082900),0.792000 (0.709200 + 0.082800),0.791300 (0.708300 + 0.083000),0.789400 (0.706500 + 0.082900),0.787700 (0.704700 + 0.083000),0.786400 (0.703800 + 0.082600),0.791200 (0.708300 + 0.082900),0.791200 (0.708300 + 0.082900),0.785000 (0.702000 + 0.083000),0.787600 (0.704700 + 0.082900),0.793700 (0.711000 + 0.082700),0.792100 (0.709200 + 0.082900),0.789300 (0.706500 + 0.082800),0.791200 (0.708300 + 0.082900),0.791200 (0.708300 + 0.082900),0.790400 (0.707400 + 0.083000),0.792000 (0.709200 + 0.082800),0.789400 (0.706500 + 0.082900),0.791100 (0.708300 + 0.082800),0.783800 (0.701100 + 0.082700)
78,0.776700 (0.693900 + 0.082800),0.771500 (0.688500 + 0.083000),0.766900 (0.684000 + 0.082900),0.771400 (0.688500 + 0.082900),0.771500 (0.688500 + 0.083000),0.769600 (0.686700 + 0.082900),0.765000 (0.682200 + 0.082800),0.767600 (0.684900 + 0.082700),0.776700 (0.693900 + 0.082800),0.770600 (0.687600 + 0.083000),0.765800 (0.683100 + 0.082700),0.766000 (0.683100 + 0.082900),0.767800 (0.684900 + 0.082900),0.769500 (0.686700 + 0.082800),0.767800 (0.684900 + 0.082900),0.766000 (0.683100 + 0.082900),0.766000 (0.683100 + 0.082900),0.770500 (0.687600 + 0.082900),0.767800 (0.684900 + 0.082900),0.770500 (0.687600 + 0.082900),0.766000 (0.683100 + 0.082900),0.767800 (0.684900 + 0.082900),0.768600 (0.685800 + 0.082800),0.701000 (0.618300 + 0.082700),0.767600 (0.684900 + 0.082700),0.764100 (0.681300 + 0.082800),0.772200 (0.689400 + 0.082800),0.766000 (0.683100 + 0.082900),0.766000 (0.683100 + 0.082900),0.765800 (0.683100 + 0.082700),0.767800 (0.684900 + 0.082900),0.766900 (0.684000 + 0.082900),0.770500 (0.687600 + 0.082900),0.765100 (0.682200 + 0.082900),0.752500 (0.669600 + 0.082900),0.767000 (0.684000 + 0.083000),0.766000 (0.683100 + 0.082900),0.766900 (0.684000 + 0.082900),0.770500 (0.687600 + 0.082900),0.769600 (0.686700 + 0.082900),0.765000 (0.682200 + 0.082800),0.697500 (0.614700 + 0.082800),0.767800 (0.684900 + 0.082900),0.776700 (0.693900 + 0.082800),0.748800 (0.666000 + 0.082800),0.770500 (0.687600 + 0.082900),0.764900 (0.682200 + 0.082700),0.766800 (0.684000 + 0.082800),0.768600 (0.685800 + 0.082800),0.775000 (0.692100 + 0.082900),0.767900 (0.684900 + 0.083000),0.764200 (0.681300 + 0.082900),0.745300 (0.662400 + 0.082900),0.770500 (0.687600 + 0.082900),0.770500 (0.687600 + 0.082900),0.728000 (0.645300 + 0.082700),0.766900 (0.684000 + 0.082900),0.744300 (0.661500 + 0.082800),0.770500 (0.687600 + 0.082900),0.773000 (0.690300 + 0.082700),0.768600 (0.685800 + 0.082800),0.714400 (0.631800 + 0.082600),0.768700 (0.685800 + 0.082900),0.770500 (0.687600 + 0.082900),0.766700 (0.684000 + 0.082700),0.776700 (0.693900 + 0.082800),0.766700 (0.684000 + 0.082700),0.765000 (0.682200 + 0.082800),0.767700 (0.684900 + 0.082800),0.765900 (0.683100 + 0.082800),0.766900 (0.684000 + 0.082900),0.767000 (0.684000 + 0.083000),0.766900 (0.684000 + 0.082900),0.767800 (0.684900 + 0.082900),0.767600 (0.684900 + 0.082700),0.767700 (0.684900 + 0.082800),0.769600 (0.686700 + 0.082900),0.766900 (0.684000 + 0.082900),0.764100 (0.681300 + 0.082800),0.766900 (0.684000 + 0.082900),0.770500 (0.687600 + 0.082900),0.766900 (0.684000 + 0.082900),0.766900 (0.684000 + 0.082900),0.776700 (0.693900 + 0.082800),0.766900 (0.684000 + 0.082900),0.765100 (0.682200 + 0.082900),0.755200 (0.672300 + 0.082900),0.767000 (0.684000 + 0.083000),0.771400 (0.688500 + 0.082900),0.770500 (0.687600 + 0.082900),0.770500 (0.687600 + 0.082900),0.765900 (0.683100 + 0.082800),0.771400 (0.688500 + 0.082900),0.771400 (0.688500 + 0.082900),0.776700 (0.693900 + 0.082800),0.767700 (0.684900 + 0.082800),0.715600 (0.632700 + 0.082900),0.769600 (0.686700 + 0.082900),0.775800 (0.693000 + 0.082800),0.766800 (0.684000 + 0.082800)
79,0.769500 (0.686700 + 0.082800),0.766900 (0.684000 + 0.082900),0.769700 (0.686700 + 0.083000),0.771300 (0.688500 + 0.082800),0.765100 (0.682200 + 0.082900),0.765100 (0.682200 + 0.082900),0.767800 (0.684900 + 0.082900),0.764200 (0.681300 + 0.082900),0.766100 (0.683100 + 0.083000),0.767800 (0.684900 + 0.082900),0.771400 (0.688500 + 0.082900),0.769500 (0.686700 + 0.082800),0.720000 (0.637200 + 0.082800),0.765100 (0.682200 + 0.082900),0.711900 (0.629100 + 0.082800),0.767800 (0.684900 + 0.082900),0.762200 (0.679500 + 0.082700),0.765100 (0.682200 + 0.082900),0.764200 (0.681300 + 0.082900),0.768700 (0.685800 + 0.082900),0.766000 (0.683100 + 0.082900),0.765100 (0.682200 + 0.082900),0.767900 (0.684900 + 0.083000),0.769500 (0.686700 + 0.082800),0.765100 (0.682200 + 0.082900),0.769500 (0.686700 + 0.082800),0.771300 (0.688500 + 0.082800),0.766800 (0.684000 + 0.082800),0.766900 (0.684000 + 0.082900),0.769500 (0.686700 + 0.082800),0.768700 (0.685800 + 0.082900),0.766800 (0.684000 + 0.082800),0.765100 (0.682200 + 0.082900),0.773100 (0.690300 + 0.082800),0.767800 (0.684900 + 0.082900),0.737300 (0.654300 + 0.083000),0.764200 (0.681300 + 0.082900),0.765100 (0.682200 + 0.082900),0.767900 (0.684900 + 0.083000),0.770500 (0.687600 + 0.082900),0.738100 (0.655200 + 0.082900),0.670500 (0.587700 + 0.082800),0.769600 (0.686700 + 0.082900),0.769500 (0.686700 + 0.082800),0.767800 (0.684900 + 0.082900),0.653300 (0.570600 + 0.082700),0.764200 (0.681300 + 0.082900),0.765100 (0.682200 + 0.082900),0.769600 (0.686700 + 0.082900),0.766900 (0.684000 + 0.082900),0.767900 (0.684900 + 0.083000),0.769500 (0.686700 + 0.082800),0.766900 (0.684000 + 0.082900),0.766900 (0.684000 + 0.082900),0.766000 (0.683100 + 0.082900),0.767800 (0.684900 + 0.082900),0.765100 (0.682200 + 0.082900),0.766000 (0.683100 + 0.082900),0.769500 (0.686700 + 0.082800),0.769600 (0.686700 + 0.082900),0.734300 (0.651600 + 0.082700),0.771300 (0.688500 + 0.082800),0.768600 (0.685800 + 0.082800),0.765200 (0.682200 + 0.083000),0.766900 (0.684000 + 0.082900),0.769600 (0.686700 + 0.082900),0.767800 (0.684900 + 0.082900),0.772300 (0.689400 + 0.082900),0.769400 (0.686700 + 0.082700),0.772300 (0.689400 + 0.082900),0.772300 (0.689400 + 0.082900),0.766000 (0.683100 + 0.082900),0.767000 (0.684000 + 0.083000),0.768600 (0.685800 + 0.082800),0.770400 (0.687600 + 0.082800),0.762500 (0.679500 + 0.083000),0.765100 (0.682200 + 0.082900),0.765100 (0.682200 + 0.082900),0.771400 (0.688500 + 0.082900),0.756100 (0.673200 + 0.082900),0.695600 (0.612900 + 0.082700),0.765100 (0.682200 + 0.082900),0.764200 (0.681300 + 0.082900),0.768700 (0.685800 + 0.082900),0.765100 (0.682200 + 0.082900),0.768700 (0.685800 + 0.082900),0.768500 (0.685800 + 0.082700),0.766000 (0.683100 + 0.082900),0.765100 (0.682200 + 0.082900),0.769500 (0.686700 + 0.082800),0.735100 (0.652500 + 0.082600),0.769500 (0.686700 + 0.082800),0.763300 (0.680400 + 0.082900),0.767800 (0.684900 + 0.082900),0.767800 (0.684900 + 0.082900),0.763200 (0.680400 + 0.082800),0.765100 (0.682200 + 0.082900),0.764100 (0.681300 + 0.082800),0.765100 (0.682200 + 0.082900),0.769500 (0.686700 + 0.082800)
80,0.769500 (0.686700 + 0.082800),0.764200 (0.681300 + 0.082900),0.762500 (0.679500 + 0.083000),0.760600 (0.677700 + 0.082900),0.768700 (0.685800 + 0.082900),0.761500 (0.678600 + 0.082900),0.762300 (0.679500 + 0.082800),0.764200 (0.681300 + 0.082900),0.766800 (0.684000 + 0.082800),0.760600 (0.677700 + 0.082900),0.740700 (0.657900 + 0.082800),0.765100 (0.682200 + 0.082900),0.770400 (0.687600 + 0.082800),0.766900 (0.684000 + 0.082900),0.763300 (0.680400 + 0.082900),0.761500 (0.678600 + 0.082900),0.767800 (0.684900 + 0.082900),0.767800 (0.684900 + 0.082900),0.763300 (0.680400 + 0.082900),0.765100 (0.682200 + 0.082900),0.768600 (0.685800 + 0.082800),0.762300 (0.679500 + 0.082800),0.760600 (0.677700 + 0.082900),0.765200 (0.682200 + 0.083000),0.671200 (0.588600 + 0.082600),0.767800 (0.684900 + 0.082900),0.763200 (0.680400 + 0.082800),0.768700 (0.685800 + 0.082900),0.768700 (0.685800 + 0.082900),0.760600 (0.677700 + 0.082900),0.770600 (0.687600 + 0.083000),0.765000 (0.682200 + 0.082800),0.765000 (0.682200 + 0.082800),0.762300 (0.679500 + 0.082800),0.763300 (0.680400 + 0.082900),0.765900 (0.683100 + 0.082800),0.769600 (0.686700 + 0.082900),0.762300 (0.679500 + 0.082800),0.765100 (0.682200 + 0.082900),0.764300 (0.681300 + 0.083000),0.762300 (0.679500 + 0.082800),0.686600 (0.603900 + 0.082700),0.768700 (0.685800 + 0.082900),0.756900 (0.674100 + 0.082800),0.761500 (0.678600 + 0.082900),0.767800 (0.684900 + 0.082900),0.767800 (0.684900 + 0.082900),0.765700 (0.683100 + 0.082600),0.761500 (0.678600 + 0.082900),0.765100 (0.682200 + 0.082900),0.768600 (0.685800 + 0.082800),0.765000 (0.682200 + 0.082800),0.768700 (0.685800 + 0.082900),0.764200 (0.681300 + 0.082900),0.763300 (0.680400 + 0.082900),0.765100 (0.682200 + 0.082900),0.761500 (0.678600 + 0.082900),0.765000 (0.682200 + 0.082800),0.761400 (0.678600 + 0.082800),0.761500 (0.678600 + 0.082900),0.768600 (0.685800 + 0.082800),0.762300 (0.679500 + 0.082800),0.773100 (0.690300 + 0.082800),0.773100 (0.690300 + 0.082800),0.768700 (0.685800 + 0.082900),0.765000 (0.682200 + 0.082800),0.767800 (0.684900 + 0.082900),0.760600 (0.677700 + 0.082900),0.775800 (0.693000 + 0.082800),0.766000 (0.683100 + 0.082900),0.765000 (0.682200 + 0.082800),0.766800 (0.684000 + 0.082800),0.761500 (0.678600 + 0.082900),0.761400 (0.678600 + 0.082800),0.764200 (0.681300 + 0.082900),0.766700 (0.684000 + 0.082700),0.764300 (0.681300 + 0.083000),0.767900 (0.684900 + 0.083000),0.763300 (0.680400 + 0.082900),0.765000 (0.682200 + 0.082800),0.770300 (0.687600 + 0.082700),0.762300 (0.679500 + 0.082800),0.761500 (0.678600 + 0.082900),0.766000 (0.683100 + 0.082900),0.769700 (0.686700 + 0.083000),0.752500 (0.669600 + 0.082900),0.762300 (0.679500 + 0.082800),0.755100 (0.672300 + 0.082800),0.761500 (0.678600 + 0.082900),0.762300 (0.679500 + 0.082800),0.766900 (0.684000 + 0.082900),0.768700 (0.685800 + 0.082900),0.767800 (0.684900 + 0.082900),0.761500 (0.678600 + 0.082900),0.767900 (0.684900 + 0.083000),0.761400 (0.678600 + 0.082800),0.765100 (0.682200 + 0.082900),0.768700 (0.685800 + 0.082900),0.767900 (0.684900 + 0.083000),0.764300 (0.681300 + 0.083000)
81,0.761400 (0.678600 + 0.082800),0.763200 (0.680400 + 0.082800),0.757900 (0.675000 + 0.082900),0.757800 (0.675000 + 0.082800),0.762500 (0.679500 + 0.083000),0.724500 (0.641700 + 0.082800),0.755200 (0.672300 + 0.082900),0.763300 (0.680400 + 0.082900),0.737100 (0.654300 + 0.082800),0.761400 (0.678600 + 0.082800),0.758700 (0.675900 + 0.082800),0.759500 (0.676800 + 0.082700),0.762300 (0.679500 + 0.082800),0.757000 (0.674100 + 0.082900),0.757000 (0.674100 + 0.082900),0.722700 (0.639900 + 0.082800),0.764200 (0.681300 + 0.082900),0.760500 (0.677700 + 0.082800),0.757900 (0.675000 + 0.082900),0.761400 (0.678600 + 0.082800),0.758800 (0.675900 + 0.082900),0.758000 (0.675000 + 0.083000),0.762400 (0.679500 + 0.082900),0.758800 (0.675900 + 0.082900),0.757000 (0.674100 + 0.082900),0.758000 (0.675000 + 0.083000),0.757100 (0.674100 + 0.083000),0.759700 (0.676800 + 0.082900),0.757800 (0.675000 + 0.082800),0.759800 (0.676800 + 0.083000),0.759600 (0.676800 + 0.082800),0.761500 (0.678600 + 0.082900),0.762300 (0.679500 + 0.082800),0.758800 (0.675900 + 0.082900),0.757000 (0.674100 + 0.082900),0.762300 (0.679500 + 0.082800),0.758900 (0.675900 + 0.083000),0.758600 (0.675900 + 0.082700),0.758800 (0.675900 + 0.082900),0.762300 (0.679500 + 0.082800),0.761200 (0.678600 + 0.082600),0.757800 (0.675000 + 0.082800),0.761500 (0.678600 + 0.082900),0.761400 (0.678600 + 0.082800),0.758800 (0.675900 + 0.082900),0.761200 (0.678600 + 0.082600),0.739700 (0.657000 + 0.082700),0.763200 (0.680400 + 0.082800),0.757000 (0.674100 + 0.082900),0.765100 (0.682200 + 0.082900),0.759800 (0.676800 + 0.083000),0.758700 (0.675900 + 0.082800),0.756100 (0.673200 + 0.082900),0.762300 (0.679500 + 0.082800),0.762300 (0.679500 + 0.082800),0.762400 (0.679500 + 0.082900),0.757000 (0.674100 + 0.082900),0.758800 (0.675900 + 0.082900),0.757900 (0.675000 + 0.082900),0.757900 (0.675000 + 0.082900),0.758600 (0.675900 + 0.082700),0.758800 (0.675900 + 0.082900),0.760400 (0.677700 + 0.082700),0.762400 (0.679500 + 0.082900),0.755200 (0.672300 + 0.082900),0.705000 (0.621900 + 0.083100),0.757000 (0.674100 + 0.082900),0.758700 (0.675900 + 0.082800),0.762300 (0.679500 + 0.082800),0.759700 (0.676800 + 0.082900),0.755100 (0.672300 + 0.082800),0.757800 (0.675000 + 0.082800),0.705500 (0.622800 + 0.082700),0.757900 (0.675000 + 0.082900),0.759700 (0.676800 + 0.082900),0.757800 (0.675000 + 0.082800),0.757100 (0.674100 + 0.083000),0.758700 (0.675900 + 0.082800),0.762400 (0.679500 + 0.082900),0.674200 (0.591300 + 0.082900),0.758000 (0.675000 + 0.083000),0.758800 (0.675900 + 0.082900),0.761400 (0.678600 + 0.082800),0.753400 (0.670500 + 0.082900),0.760500 (0.677700 + 0.082800),0.756100 (0.673200 + 0.082900),0.757800 (0.675000 + 0.082800),0.759700 (0.676800 + 0.082900),0.759800 (0.676800 + 0.083000),0.757900 (0.675000 + 0.082900),0.761500 (0.678600 + 0.082900),0.729900 (0.647100 + 0.082800),0.762400 (0.679500 + 0.082900),0.757800 (0.675000 + 0.082800),0.762300 (0.679500 + 0.082800),0.763200 (0.680400 + 0.082800),0.758000 (0.675000 + 0.083000),0.757900 (0.675000 + 0.082900),0.757800 (0.675000 + 0.082800),0.762300 (0.679500 + 0.082800)
82,0.768800 (0.685800 + 0.083000),0.774900 (0.692100 + 0.082800),0.768500 (0.685800 + 0.082700),0.770300 (0.687600 + 0.082700),0.767700 (0.684900 + 0.082800),0.769600 (0.686700 + 0.082900),0.772200 (0.689400 + 0.082800),0.771400 (0.688500 + 0.082900),0.767700 (0.684900 + 0.082800),0.771400 (0.688500 + 0.082900),0.767800 (0.684900 + 0.082900),0.770500 (0.687600 + 0.082900),0.775900 (0.693000 + 0.082900),0.768500 (0.685800 + 0.082700),0.774300 (0.691200 + 0.083100),0.768600 (0.685800 + 0.082800),0.779500 (0.696600 + 0.082900),0.779500 (0.696600 + 0.082900),0.773000 (0.690300 + 0.082700),0.765800 (0.683100 + 0.082700),0.748000 (0.665100 + 0.082900),0.771400 (0.688500 + 0.082900),0.774000 (0.691200 + 0.082800),0.773100 (0.690300 + 0.082800),0.773100 (0.690300 + 0.082800),0.776900 (0.693900 + 0.083000),0.772300 (0.689400 + 0.082900),0.769500 (0.686700 + 0.082800),0.775900 (0.693000 + 0.082900),0.776000 (0.693000 + 0.083000),0.773000 (0.690300 + 0.082700),0.774900 (0.692100 + 0.082800),0.776800 (0.693900 + 0.082900),0.777800 (0.694800 + 0.083000),0.772200 (0.689400 + 0.082800),0.773100 (0.690300 + 0.082800),0.754100 (0.671400 + 0.082700),0.776800 (0.693900 + 0.082900),0.779400 (0.696600 + 0.082800),0.770500 (0.687600 + 0.082900),0.774200 (0.691200 + 0.083000),0.775900 (0.693000 + 0.082900),0.777800 (0.694800 + 0.083000),0.766900 (0.684000 + 0.082900),0.778600 (0.695700 + 0.082900),0.775900 (0.693000 + 0.082900),0.762200 (0.679500 + 0.082700),0.776900 (0.693900 + 0.083000),0.777700 (0.694800 + 0.082900),0.768600 (0.685800 + 0.082800),0.768600 (0.685800 + 0.082800),0.768600 (0.685800 + 0.082800),0.754900 (0.672300 + 0.082600),0.774900 (0.692100 + 0.082800),0.771400 (0.688500 + 0.082900),0.769500 (0.686700 + 0.082800),0.770400 (0.687600 + 0.082800),0.768500 (0.685800 + 0.082700),0.772100 (0.689400 + 0.082700),0.773100 (0.690300 + 0.082800),0.775000 (0.692100 + 0.082900),0.773100 (0.690300 + 0.082800),0.776900 (0.693900 + 0.083000),0.778600 (0.695700 + 0.082900),0.768600 (0.685800 + 0.082800),0.774000 (0.691200 + 0.082800),0.772200 (0.689400 + 0.082800),0.732600 (0.649800 + 0.082800),0.777700 (0.694800 + 0.082900),0.772400 (0.689400 + 0.083000),0.776900 (0.693900 + 0.083000),0.774900 (0.692100 + 0.082800),0.776800 (0.693900 + 0.082900),0.772300 (0.689400 + 0.082900),0.778500 (0.695700 + 0.082800),0.773100 (0.690300 + 0.082800),0.774900 (0.692100 + 0.082800),0.779500 (0.696600 + 0.082900),0.769600 (0.686700 + 0.082900),0.771500 (0.688500 + 0.083000),0.717300 (0.634500 + 0.082800),0.773100 (0.690300 + 0.082800),0.776800 (0.693900 + 0.082900),0.769500 (0.686700 + 0.082800),0.775900 (0.693000 + 0.082900),0.692100 (0.609300 + 0.082800),0.768500 (0.685800 + 0.082700),0.774700 (0.692100 + 0.082600),0.768600 (0.685800 + 0.082800),0.770500 (0.687600 + 0.082900),0.770400 (0.687600 + 0.082800),0.774000 (0.691200 + 0.082800),0.773100 (0.690300 + 0.082800),0.776000 (0.693000 + 0.083000),0.771100 (0.688500 + 0.082600),0.769600 (0.686700 + 0.082900),0.773100 (0.690300 + 0.082800),0.775000 (0.692100 + 0.082900),0.769600 (0.686700 + 0.082900),0.774000 (0.691200 + 0.082800)
83,0.766900 (0.684000 + 0.082900),0.773100 (0.690300 + 0.082800),0.767700 (0.684900 + 0.082800),0.772300 (0.689400 + 0.082900),0.771300 (0.688500 + 0.082800),0.773300 (0.690300 + 0.083000),0.773300 (0.690300 + 0.083000),0.765100 (0.682200 + 0.082900),0.759700 (0.676800 + 0.082900),0.765900 (0.683100 + 0.082800),0.775900 (0.693000 + 0.082900),0.779500 (0.696600 + 0.082900),0.717200 (0.634500 + 0.082700),0.771400 (0.688500 + 0.082900),0.771400 (0.688500 + 0.082900),0.722800 (0.639900 + 0.082900),0.768700 (0.685800 + 0.082900),0.771300 (0.688500 + 0.082800),0.770500 (0.687600 + 0.082900),0.764100 (0.681300 + 0.082800),0.768700 (0.685800 + 0.082900),0.768700 (0.685800 + 0.082900),0.764300 (0.681300 + 0.083000),0.767700 (0.684900 + 0.082800),0.774200 (0.691200 + 0.083000),0.768700 (0.685800 + 0.082900),0.772300 (0.689400 + 0.082900),0.773100 (0.690300 + 0.082800),0.764200 (0.681300 + 0.082900),0.773200 (0.690300 + 0.082900),0.772100 (0.689400 + 0.082700),0.766800 (0.684000 + 0.082800),0.765900 (0.683100 + 0.082800),0.766800 (0.684000 + 0.082800),0.775100 (0.692100 + 0.083000),0.768700 (0.685800 + 0.082900),0.767700 (0.684900 + 0.082800),0.764100 (0.681300 + 0.082800),0.764300 (0.681300 + 0.083000),0.775900 (0.693000 + 0.082900),0.769600 (0.686700 + 0.082900),0.773300 (0.690300 + 0.083000),0.768700 (0.685800 + 0.082900),0.763200 (0.680400 + 0.082800),0.767700 (0.684900 + 0.082800),0.768700 (0.685800 + 0.082900),0.768700 (0.685800 + 0.082900),0.766900 (0.684000 + 0.082900),0.772100 (0.689400 + 0.082700),0.767700 (0.684900 + 0.082800),0.770400 (0.687600 + 0.082800),0.770600 (0.687600 + 0.083000),0.766800 (0.684000 + 0.082800),0.765900 (0.683100 + 0.082800),0.765900 (0.683100 + 0.082800),0.767800 (0.684900 + 0.082900),0.774100 (0.691200 + 0.082900),0.766900 (0.684000 + 0.082900),0.767700 (0.684900 + 0.082800),0.775900 (0.693000 + 0.082900),0.775100 (0.692100 + 0.083000),0.776900 (0.693900 + 0.083000),0.764000 (0.681300 + 0.082700),0.764100 (0.681300 + 0.082800),0.763200 (0.680400 + 0.082800),0.771500 (0.688500 + 0.083000),0.771500 (0.688500 + 0.083000),0.773200 (0.690300 + 0.082900),0.779500 (0.696600 + 0.082900),0.772200 (0.689400 + 0.082800),0.762300 (0.679500 + 0.082800),0.768700 (0.685800 + 0.082900),0.767700 (0.684900 + 0.082800),0.772200 (0.689400 + 0.082800),0.773200 (0.690300 + 0.082900),0.765100 (0.682200 + 0.082900),0.767700 (0.684900 + 0.082800),0.766900 (0.684000 + 0.082900),0.773100 (0.690300 + 0.082800),0.775100 (0.692100 + 0.083000),0.765000 (0.682200 + 0.082800),0.772200 (0.689400 + 0.082800),0.771100 (0.688500 + 0.082600),0.773300 (0.690300 + 0.083000),0.774100 (0.691200 + 0.082900),0.772400 (0.689400 + 0.083000),0.767900 (0.684900 + 0.083000),0.764300 (0.681300 + 0.083000),0.766800 (0.684000 + 0.082800),0.771300 (0.688500 + 0.082800),0.764100 (0.681300 + 0.082800),0.776800 (0.693900 + 0.082900),0.769500 (0.686700 + 0.082800),0.769300 (0.686700 + 0.082600),0.775900 (0.693000 + 0.082900),0.767600 (0.684900 + 0.082700),0.770500 (0.687600 + 0.082900),0.773000 (0.690300 + 0.082700),0.769600 (0.686700 + 0.082900),0.775100 (0.692100 + 0.083000)
84,0.763300 (0.680400 + 0.082900),0.769600 (0.686700 + 0.082900),0.758800 (0.675900 + 0.082900),0.756200 (0.673200 + 0.083000),0.760700 (0.677700 + 0.083000),0.766800 (0.684000 + 0.082800),0.764200 (0.681300 + 0.082900),0.728200 (0.645300 + 0.082900),0.769700 (0.686700 + 0.083000),0.738000 (0.655200 + 0.082800),0.772400 (0.689400 + 0.083000),0.768700 (0.685800 + 0.082900),0.681300 (0.598500 + 0.082800),0.769700 (0.686700 + 0.083000),0.768800 (0.685800 + 0.083000),0.685600 (0.603000 + 0.082600),0.760600 (0.677700 + 0.082900),0.760600 (0.677700 + 0.082900),0.773100 (0.690300 + 0.082800),0.768800 (0.685800 + 0.083000),0.774200 (0.691200 + 0.083000),0.760600 (0.677700 + 0.082900),0.762400 (0.679500 + 0.082900),0.762400 (0.679500 + 0.082900),0.768700 (0.685800 + 0.082900),0.768700 (0.685800 + 0.082900),0.769600 (0.686700 + 0.082900),0.759800 (0.676800 + 0.083000),0.760600 (0.677700 + 0.082900),0.770600 (0.687600 + 0.083000),0.758800 (0.675900 + 0.082900),0.771300 (0.688500 + 0.082800),0.758800 (0.675900 + 0.082900),0.766800 (0.684000 + 0.082800),0.685800 (0.603000 + 0.082800),0.770400 (0.687600 + 0.082800),0.694600 (0.612000 + 0.082600),0.772200 (0.689400 + 0.082800),0.761500 (0.678600 + 0.082900),0.739800 (0.657000 + 0.082800),0.776000 (0.693000 + 0.083000),0.770500 (0.687600 + 0.082900),0.769600 (0.686700 + 0.082900),0.762400 (0.679500 + 0.082900),0.756100 (0.673200 + 0.082900),0.761500 (0.678600 + 0.082900),0.759700 (0.676800 + 0.082900),0.768800 (0.685800 + 0.083000),0.759800 (0.676800 + 0.083000),0.765100 (0.682200 + 0.082900),0.773300 (0.690300 + 0.083000),0.759700 (0.676800 + 0.082900),0.772400 (0.689400 + 0.083000),0.759800 (0.676800 + 0.083000),0.765200 (0.682200 + 0.083000),0.775900 (0.693000 + 0.082900),0.764100 (0.681300 + 0.082800),0.769600 (0.686700 + 0.082900),0.773300 (0.690300 + 0.083000),0.759800 (0.676800 + 0.083000),0.760600 (0.677700 + 0.082900),0.776000 (0.693000 + 0.083000),0.735500 (0.652500 + 0.083000),0.769500 (0.686700 + 0.082800),0.769500 (0.686700 + 0.082800),0.769500 (0.686700 + 0.082800),0.765700 (0.683100 + 0.082600),0.765000 (0.682200 + 0.082800),0.766000 (0.683100 + 0.082900),0.765100 (0.682200 + 0.082900),0.770500 (0.687600 + 0.082900),0.776700 (0.693900 + 0.082800),0.770600 (0.687600 + 0.083000),0.717500 (0.634500 + 0.083000),0.771200 (0.688500 + 0.082700),0.763100 (0.680400 + 0.082700),0.767800 (0.684900 + 0.082900),0.765900 (0.683100 + 0.082800),0.760700 (0.677700 + 0.083000),0.760600 (0.677700 + 0.082900),0.759800 (0.676800 + 0.083000),0.770400 (0.687600 + 0.082800),0.770400 (0.687600 + 0.082800),0.770600 (0.687600 + 0.083000),0.764100 (0.681300 + 0.082800),0.770400 (0.687600 + 0.082800),0.767800 (0.684900 + 0.082900),0.761600 (0.678600 + 0.083000),0.761600 (0.678600 + 0.083000),0.772400 (0.689400 + 0.083000),0.768700 (0.685800 + 0.082900),0.760700 (0.677700 + 0.083000),0.769500 (0.686700 + 0.082800),0.774200 (0.691200 + 0.083000),0.763300 (0.680400 + 0.082900),0.758800 (0.675900 + 0.082900),0.769600 (0.686700 + 0.082900),0.770600 (0.687600 + 0.083000),0.775000 (0.692100 + 0.082900),0.726300 (0.643500 + 0.082800)
85,0.770400 (0.687600 + 0.082800),0.771500 (0.688500 + 0.083000),0.712900 (0.630000 + 0.082900),0.774900 (0.692100 + 0.082800),0.779700 (0.696600 + 0.083100),0.772100 (0.689400 + 0.082700),0.774900 (0.692100 + 0.082800),0.779500 (0.696600 + 0.082900),0.766100 (0.683100 + 0.083000),0.773100 (0.690300 + 0.082800),0.771300 (0.688500 + 0.082800),0.765900 (0.683100 + 0.082800),0.760600 (0.677700 + 0.082900),0.766000 (0.683100 + 0.082900),0.770600 (0.687600 + 0.083000),0.777800 (0.694800 + 0.083000),0.732700 (0.649800 + 0.082900),0.779500 (0.696600 + 0.082900),0.770500 (0.687600 + 0.082900),0.770600 (0.687600 + 0.083000),0.768700 (0.685800 + 0.082900),0.773200 (0.690300 + 0.082900),0.762900 (0.680400 + 0.082500),0.773300 (0.690300 + 0.083000),0.770400 (0.687600 + 0.082800),0.775900 (0.693000 + 0.082900),0.780500 (0.697500 + 0.083000),0.779500 (0.696600 + 0.082900),0.767000 (0.684000 + 0.083000),0.775900 (0.693000 + 0.082900),0.774200 (0.691200 + 0.083000),0.776700 (0.693900 + 0.082800),0.766000 (0.683100 + 0.082900),0.754200 (0.671400 + 0.082800),0.773300 (0.690300 + 0.083000),0.776700 (0.693900 + 0.082800),0.775900 (0.693000 + 0.082900),0.767800 (0.684900 + 0.082900),0.782100 (0.699300 + 0.082800),0.776800 (0.693900 + 0.082900),0.775000 (0.692100 + 0.082900),0.774200 (0.691200 + 0.083000),0.766100 (0.683100 + 0.083000),0.774000 (0.691200 + 0.082800),0.775000 (0.692100 + 0.082900),0.772400 (0.689400 + 0.083000),0.772400 (0.689400 + 0.083000),0.777700 (0.694800 + 0.082900),0.769600 (0.686700 + 0.082900),0.777800 (0.694800 + 0.083000),0.769500 (0.686700 + 0.082800),0.768600 (0.685800 + 0.082800),0.765200 (0.682200 + 0.083000),0.773200 (0.690300 + 0.082900),0.752500 (0.669600 + 0.082900),0.771400 (0.688500 + 0.082900),0.769400 (0.686700 + 0.082700),0.773200 (0.690300 + 0.082900),0.769700 (0.686700 + 0.083000),0.774100 (0.691200 + 0.082900),0.770600 (0.687600 + 0.083000),0.776800 (0.693900 + 0.082900),0.765100 (0.682200 + 0.082900),0.777600 (0.694800 + 0.082800),0.777800 (0.694800 + 0.083000),0.779200 (0.696600 + 0.082600),0.773100 (0.690300 + 0.082800),0.766100 (0.683100 + 0.083000),0.759600 (0.676800 + 0.082800),0.772200 (0.689400 + 0.082800),0.774900 (0.692100 + 0.082800),0.779500 (0.696600 + 0.082900),0.776900 (0.693900 + 0.083000),0.778600 (0.695700 + 0.082900),0.767000 (0.684000 + 0.083000),0.772300 (0.689400 + 0.082900),0.770600 (0.687600 + 0.083000),0.773200 (0.690300 + 0.082900),0.770600 (0.687600 + 0.083000),0.776900 (0.693900 + 0.083000),0.769500 (0.686700 + 0.082800),0.767800 (0.684900 + 0.082900),0.767000 (0.684000 + 0.083000),0.774900 (0.692100 + 0.082800),0.776700 (0.693900 + 0.082800),0.773200 (0.690300 + 0.082900),0.781200 (0.698400 + 0.082800),0.772400 (0.689400 + 0.083000),0.770500 (0.687600 + 0.082900),0.778600 (0.695700 + 0.082900),0.774000 (0.691200 + 0.082800),0.776900 (0.693900 + 0.083000),0.775900 (0.693000 + 0.082900),0.778600 (0.695700 + 0.082900),0.768700 (0.685800 + 0.082900),0.757800 (0.675000 + 0.082800),0.769700 (0.686700 + 0.083000),0.774100 (0.691200 + 0.082900),0.768700 (0.685800 + 0.082900),0.776900 (0.693900 + 0.083000)
86,0.772200 (0.689400 + 0.082800),0.783000 (0.700200 + 0.082800),0.780100 (0.697500 + 0.082600),0.775600 (0.693000 + 0.082600),0.788600 (0.705600 + 0.083000),0.784100 (0.701100 + 0.083000),0.771400 (0.688500 + 0.082900),0.777700 (0.694800 + 0.082900),0.785100 (0.702000 + 0.083100),0.778300 (0.695700 + 0.082600),0.782100 (0.699300 + 0.082800),0.782100 (0.699300 + 0.082800),0.779500 (0.696600 + 0.082900),0.779500 (0.696600 + 0.082900),0.768700 (0.685800 + 0.082900),0.776700 (0.693900 + 0.082800),0.747000 (0.664200 + 0.082800),0.779400 (0.696600 + 0.082800),0.770500 (0.687600 + 0.082900),0.782100 (0.699300 + 0.082800),0.778600 (0.695700 + 0.082900),0.771400 (0.688500 + 0.082900),0.775800 (0.693000 + 0.082800),0.784900 (0.702000 + 0.082900),0.779400 (0.696600 + 0.082800),0.732700 (0.649800 + 0.082900),0.786900 (0.703800 + 0.083100),0.786600 (0.703800 + 0.082800),0.774100 (0.691200 + 0.082900),0.783100 (0.700200 + 0.082900),0.777700 (0.694800 + 0.082900),0.782100 (0.699300 + 0.082800),0.769600 (0.686700 + 0.082900),0.778500 (0.695700 + 0.082800),0.779600 (0.696600 + 0.083000),0.775900 (0.693000 + 0.082900),0.778700 (0.695700 + 0.083000),0.779200 (0.696600 + 0.082600),0.782100 (0.699300 + 0.082800),0.777500 (0.694800 + 0.082700),0.775800 (0.693000 + 0.082800),0.780500 (0.697500 + 0.083000),0.779500 (0.696600 + 0.082900),0.785900 (0.702900 + 0.083000),0.779400 (0.696600 + 0.082800),0.781300 (0.698400 + 0.082900),0.716400 (0.633600 + 0.082800),0.784100 (0.701100 + 0.083000),0.787600 (0.704700 + 0.082900),0.773200 (0.690300 + 0.082900),0.782900 (0.700200 + 0.082700),0.771400 (0.688500 + 0.082900),0.778600 (0.695700 + 0.082900),0.748900 (0.666000 + 0.082900),0.785900 (0.702900 + 0.083000),0.781400 (0.698400 + 0.083000),0.779400 (0.696600 + 0.082800),0.781300 (0.698400 + 0.082900),0.778600 (0.695700 + 0.082900),0.782300 (0.699300 + 0.083000),0.779600 (0.696600 + 0.083000),0.784100 (0.701100 + 0.083000),0.645200 (0.562500 + 0.082700),0.767700 (0.684900 + 0.082800),0.774100 (0.691200 + 0.082900),0.782300 (0.699300 + 0.083000),0.782200 (0.699300 + 0.082900),0.778500 (0.695700 + 0.082800),0.756200 (0.673200 + 0.083000),0.778600 (0.695700 + 0.082900),0.784000 (0.701100 + 0.082900),0.780300 (0.697500 + 0.082800),0.780400 (0.697500 + 0.082900),0.775000 (0.692100 + 0.082900),0.778600 (0.695700 + 0.082900),0.757700 (0.675000 + 0.082700),0.775000 (0.692100 + 0.082900),0.772300 (0.689400 + 0.082900),0.778500 (0.695700 + 0.082800),0.726200 (0.643500 + 0.082700),0.772200 (0.689400 + 0.082800),0.771400 (0.688500 + 0.082900),0.784000 (0.701100 + 0.082900),0.778500 (0.695700 + 0.082800),0.781300 (0.698400 + 0.082900),0.782200 (0.699300 + 0.082900),0.702700 (0.620100 + 0.082600),0.777700 (0.694800 + 0.082900),0.784000 (0.701100 + 0.082900),0.782300 (0.699300 + 0.083000),0.771400 (0.688500 + 0.082900),0.782300 (0.699300 + 0.083000),0.784900 (0.702000 + 0.082900),0.772300 (0.689400 + 0.082900),0.783100 (0.700200 + 0.082900),0.777600 (0.694800 + 0.082800),0.780400 (0.697500 + 0.082900),0.785900 (0.702900 + 0.083000),0.781300 (0.698400 + 0.082900),0.770500 (0.687600 + 0.082900)
87,0.779600 (0.696600 + 0.083000),0.771400 (0.688500 + 0.082900),0.776900 (0.693900 + 0.083000),0.770400 (0.687600 + 0.082800),0.776900 (0.693900 + 0.083000),0.771500 (0.688500 + 0.083000),0.772400 (0.689400 + 0.083000),0.783300 (0.700200 + 0.083100),0.772100 (0.689400 + 0.082700),0.772200 (0.689400 + 0.082800),0.769600 (0.686700 + 0.082900),0.776000 (0.693000 + 0.083000),0.772000 (0.689400 + 0.082600),0.768700 (0.685800 + 0.082900),0.776900 (0.693900 + 0.083000),0.775900 (0.693000 + 0.082900),0.778700 (0.695700 + 0.083000),0.775000 (0.692100 + 0.082900),0.774100 (0.691200 + 0.082900),0.775100 (0.692100 + 0.083000),0.772300 (0.689400 + 0.082900),0.776000 (0.693000 + 0.083000),0.781400 (0.698400 + 0.083000),0.770400 (0.687600 + 0.082800),0.770200 (0.687600 + 0.082600),0.766000 (0.683100 + 0.082900),0.744500 (0.661500 + 0.083000),0.776900 (0.693900 + 0.083000),0.773200 (0.690300 + 0.082900),0.775000 (0.692100 + 0.082900),0.773300 (0.690300 + 0.083000),0.774200 (0.691200 + 0.083000),0.774200 (0.691200 + 0.083000),0.768600 (0.685800 + 0.082800),0.775900 (0.693000 + 0.082900),0.768600 (0.685800 + 0.082800),0.729700 (0.647100 + 0.082600),0.774200 (0.691200 + 0.083000),0.770500 (0.687600 + 0.082900),0.780300 (0.697500 + 0.082800),0.770500 (0.687600 + 0.082900),0.738000 (0.655200 + 0.082800),0.779300 (0.696600 + 0.082700),0.771400 (0.688500 + 0.082900),0.764800 (0.682200 + 0.082600),0.775000 (0.692100 + 0.082900),0.776900 (0.693900 + 0.083000),0.750800 (0.667800 + 0.083000),0.776800 (0.693900 + 0.082900),0.780500 (0.697500 + 0.083000),0.775000 (0.692100 + 0.082900),0.766800 (0.684000 + 0.082800),0.775800 (0.693000 + 0.082800),0.725400 (0.642600 + 0.082800),0.771400 (0.688500 + 0.082900),0.771400 (0.688500 + 0.082900),0.779600 (0.696600 + 0.083000),0.775100 (0.692100 + 0.083000),0.709500 (0.626400 + 0.083100),0.773000 (0.690300 + 0.082700),0.770400 (0.687600 + 0.082800),0.775000 (0.692100 + 0.082900),0.771400 (0.688500 + 0.082900),0.771400 (0.688500 + 0.082900),0.771400 (0.688500 + 0.082900),0.779600 (0.696600 + 0.083000),0.775000 (0.692100 + 0.082900),0.769700 (0.686700 + 0.083000),0.721800 (0.639000 + 0.082800),0.774900 (0.692100 + 0.082800),0.777900 (0.694800 + 0.083100),0.768700 (0.685800 + 0.082900),0.773200 (0.690300 + 0.082900),0.778600 (0.695700 + 0.082900),0.743500 (0.660600 + 0.082900),0.684300 (0.601200 + 0.083100),0.773300 (0.690300 + 0.083000),0.770400 (0.687600 + 0.082800),0.775700 (0.693000 + 0.082700),0.770400 (0.687600 + 0.082800),0.778700 (0.695700 + 0.083000),0.770500 (0.687600 + 0.082900),0.779600 (0.696600 + 0.083000),0.775100 (0.692100 + 0.083000),0.771400 (0.688500 + 0.082900),0.777700 (0.694800 + 0.082900),0.775800 (0.693000 + 0.082800),0.773000 (0.690300 + 0.082700),0.770400 (0.687600 + 0.082800),0.775100 (0.692100 + 0.083000),0.774900 (0.692100 + 0.082800),0.771400 (0.688500 + 0.082900),0.771500 (0.688500 + 0.083000),0.772300 (0.689400 + 0.082900),0.773300 (0.690300 + 0.083000),0.780500 (0.697500 + 0.083000),0.777600 (0.694800 + 0.082800),0.767700 (0.684900 + 0.082800),0.769700 (0.686700 + 0.083000),0.768700 (0.685800 + 0.082900)
88,0.783300 (0.700200 + 0.083100),0.779600 (0.696600 + 0.083000),0.785000 (0.702000 + 0.083000),0.772300 (0.689400 + 0.082900),0.784000 (0.701100 + 0.082900),0.776900 (0.693900 + 0.083000),0.778700 (0.695700 + 0.083000),0.780500 (0.697500 + 0.083000),0.783200 (0.700200 + 0.083000),0.745400 (0.662400 + 0.083000),0.777800 (0.694800 + 0.083000),0.779600 (0.696600 + 0.083000),0.779600 (0.696600 + 0.083000),0.778700 (0.695700 + 0.083000),0.781300 (0.698400 + 0.082900),0.778600 (0.695700 + 0.082900),0.780300 (0.697500 + 0.082800),0.784000 (0.701100 + 0.082900),0.776900 (0.693900 + 0.083000),0.781200 (0.698400 + 0.082800),0.784900 (0.702000 + 0.082900),0.781400 (0.698400 + 0.083000),0.777700 (0.694800 + 0.082900),0.781400 (0.698400 + 0.083000),0.783200 (0.700200 + 0.083000),0.779600 (0.696600 + 0.083000),0.779600 (0.696600 + 0.083000),0.732400 (0.649800 + 0.082600),0.783000 (0.700200 + 0.082800),0.782300 (0.699300 + 0.083000),0.782900 (0.700200 + 0.082700),0.780500 (0.697500 + 0.083000),0.780500 (0.697500 + 0.083000),0.784100 (0.701100 + 0.083000),0.780400 (0.697500 + 0.082900),0.777500 (0.694800 + 0.082700),0.782000 (0.699300 + 0.082700),0.777700 (0.694800 + 0.082900),0.780500 (0.697500 + 0.083000),0.781400 (0.698400 + 0.083000),0.778700 (0.695700 + 0.083000),0.778500 (0.695700 + 0.082800),0.783000 (0.700200 + 0.082800),0.787800 (0.704700 + 0.083100),0.784100 (0.701100 + 0.083000),0.780400 (0.697500 + 0.082900),0.774900 (0.692100 + 0.082800),0.779700 (0.696600 + 0.083100),0.772300 (0.689400 + 0.082900),0.776000 (0.693000 + 0.083000),0.754600 (0.671400 + 0.083200),0.784000 (0.701100 + 0.082900),0.778500 (0.695700 + 0.082800),0.778500 (0.695700 + 0.082800),0.777500 (0.694800 + 0.082700),0.781400 (0.698400 + 0.083000),0.713800 (0.630900 + 0.082900),0.775800 (0.693000 + 0.082800),0.776800 (0.693900 + 0.082900),0.778800 (0.695700 + 0.083100),0.786800 (0.703800 + 0.083000),0.780400 (0.697500 + 0.082900),0.781400 (0.698400 + 0.083000),0.781300 (0.698400 + 0.082900),0.785900 (0.702900 + 0.083000),0.779600 (0.696600 + 0.083000),0.783000 (0.700200 + 0.082800),0.777500 (0.694800 + 0.082700),0.775000 (0.692100 + 0.082900),0.783200 (0.700200 + 0.083000),0.779600 (0.696600 + 0.083000),0.777700 (0.694800 + 0.082900),0.775900 (0.693000 + 0.082900),0.781400 (0.698400 + 0.083000),0.777700 (0.694800 + 0.082900),0.783200 (0.700200 + 0.083000),0.741000 (0.657900 + 0.083100),0.736300 (0.653400 + 0.082900),0.777700 (0.694800 + 0.082900),0.782300 (0.699300 + 0.083000),0.776800 (0.693900 + 0.082900),0.777600 (0.694800 + 0.082800),0.782300 (0.699300 + 0.083000),0.781400 (0.698400 + 0.083000),0.763300 (0.680400 + 0.082900),0.778700 (0.695700 + 0.083000),0.777600 (0.694800 + 0.082800),0.779500 (0.696600 + 0.082900),0.774200 (0.691200 + 0.083000),0.785000 (0.702000 + 0.083000),0.756800 (0.674100 + 0.082700),0.780400 (0.697500 + 0.082900),0.783900 (0.701100 + 0.082800),0.784800 (0.702000 + 0.082800),0.779600 (0.696600 + 0.083000),0.779500 (0.696600 + 0.082900),0.782300 (0.699300 + 0.083000),0.777800 (0.694800 + 0.083000),0.781400 (0.698400 + 0.083000),0.776800 (0.693900 + 0.082900)
89,0.786900 (0.703800 + 0.083100),0.769700 (0.686700 + 0.083000),0.775800 (0.693000 + 0.082800),0.774900 (0.692100 + 0.082800),0.767800 (0.684900 + 0.082900),0.779400 (0.696600 + 0.082800),0.769500 (0.686700 + 0.082800),0.772400 (0.689400 + 0.083000),0.770500 (0.687600 + 0.082900),0.779700 (0.696600 + 0.083100),0.778700 (0.695700 + 0.083000),0.776700 (0.693900 + 0.082800),0.779600 (0.696600 + 0.083000),0.776800 (0.693900 + 0.082900),0.781300 (0.698400 + 0.082900),0.770600 (0.687600 + 0.083000),0.765800 (0.683100 + 0.082700),0.772200 (0.689400 + 0.082800),0.774200 (0.691200 + 0.083000),0.773000 (0.690300 + 0.082700),0.773300 (0.690300 + 0.083000),0.736500 (0.653400 + 0.083100),0.776000 (0.693000 + 0.083000),0.767800 (0.684900 + 0.082900),0.773300 (0.690300 + 0.083000),0.781400 (0.698400 + 0.083000),0.776800 (0.693900 + 0.082900),0.774100 (0.691200 + 0.082900),0.773300 (0.690300 + 0.083000),0.774200 (0.691200 + 0.083000),0.773300 (0.690300 + 0.083000),0.777800 (0.694800 + 0.083000),0.772300 (0.689400 + 0.082900),0.769700 (0.686700 + 0.083000),0.778800 (0.695700 + 0.083100),0.773200 (0.690300 + 0.082900),0.775200 (0.692100 + 0.083100),0.779600 (0.696600 + 0.083000),0.765200 (0.682200 + 0.083000),0.777900 (0.694800 + 0.083100),0.772200 (0.689400 + 0.082800),0.780500 (0.697500 + 0.083000),0.726600 (0.643500 + 0.083100),0.769500 (0.686700 + 0.082800),0.773200 (0.690300 + 0.082900),0.782200 (0.699300 + 0.082900),0.777900 (0.694800 + 0.083100),0.777600 (0.694800 + 0.082800),0.772400 (0.689400 + 0.083000),0.775100 (0.692100 + 0.083000),0.771400 (0.688500 + 0.082900),0.768800 (0.685800 + 0.083000),0.753300 (0.670500 + 0.082800),0.769400 (0.686700 + 0.082700),0.776700 (0.693900 + 0.082800),0.770600 (0.687600 + 0.083000),0.775100 (0.692100 + 0.083000),0.773200 (0.690300 + 0.082900),0.774200 (0.691200 + 0.083000),0.773000 (0.690300 + 0.082700),0.770400 (0.687600 + 0.082800),0.773300 (0.690300 + 0.083000),0.781400 (0.698400 + 0.083000),0.780300 (0.697500 + 0.082800),0.778600 (0.695700 + 0.082900),0.775000 (0.692100 + 0.082900),0.776800 (0.693900 + 0.082900),0.786900 (0.703800 + 0.083100),0.731000 (0.648000 + 0.083000),0.775100 (0.692100 + 0.083000),0.773100 (0.690300 + 0.082800),0.781400 (0.698400 + 0.083000),0.777600 (0.694800 + 0.082800),0.765200 (0.682200 + 0.083000),0.765200 (0.682200 + 0.083000),0.733600 (0.650700 + 0.082900),0.756300 (0.673200 + 0.083100),0.776000 (0.693000 + 0.083000),0.779600 (0.696600 + 0.083000),0.765200 (0.682200 + 0.083000),0.772400 (0.689400 + 0.083000),0.774200 (0.691200 + 0.083000),0.766000 (0.683100 + 0.082900),0.776700 (0.693900 + 0.082800),0.776000 (0.693000 + 0.083000),0.767000 (0.684000 + 0.083000),0.780300 (0.697500 + 0.082800),0.783300 (0.700200 + 0.083100),0.774000 (0.691200 + 0.082800),0.779400 (0.696600 + 0.082800),0.776000 (0.693000 + 0.083000),0.755300 (0.672300 + 0.083000),0.775800 (0.693000 + 0.082800),0.773300 (0.690300 + 0.083000),0.772400 (0.689400 + 0.083000),0.767800 (0.684900 + 0.082900),0.776800 (0.693900 + 0.082900),0.765000 (0.682200 + 0.082800),0.768700 (0.685800 + 0.082900),0.782100 (0.699300 + 0.082800)
90,0.769800 (0.686700 + 0.083100),0.769700 (0.686700 + 0.083000),0.762400 (0.679500 + 0.082900),0.763200 (0.680400 + 0.082800),0.771500 (0.688500 + 0.083000),0.767800 (0.684900 + 0.082900),0.773300 (0.690300 + 0.083000),0.764100 (0.681300 + 0.082800),0.766100 (0.683100 + 0.083000),0.765200 (0.682200 + 0.083000),0.766800 (0.684000 + 0.082800),0.763200 (0.680400 + 0.082800),0.768600 (0.685800 + 0.082800),0.761500 (0.678600 + 0.082900),0.770600 (0.687600 + 0.083000),0.766000 (0.683100 + 0.082900),0.763200 (0.680400 + 0.082800),0.765000 (0.682200 + 0.082800),0.774200 (0.691200 + 0.083000),0.767000 (0.684000 + 0.083000),0.765000 (0.682200 + 0.082800),0.765100 (0.682200 + 0.082900),0.767700 (0.684900 + 0.082800),0.767800 (0.684900 + 0.082900),0.763300 (0.680400 + 0.082900),0.764100 (0.681300 + 0.082800),0.767000 (0.684000 + 0.083000),0.773300 (0.690300 + 0.083000),0.764400 (0.681300 + 0.083100),0.772400 (0.689400 + 0.083000),0.765200 (0.682200 + 0.083000),0.760800 (0.677700 + 0.083100),0.760800 (0.677700 + 0.083100),0.735400 (0.652500 + 0.082900),0.767900 (0.684900 + 0.083000),0.762400 (0.679500 + 0.082900),0.766800 (0.684000 + 0.082800),0.767800 (0.684900 + 0.082900),0.737300 (0.654300 + 0.083000),0.765000 (0.682200 + 0.082800),0.736300 (0.653400 + 0.082900),0.774200 (0.691200 + 0.083000),0.762500 (0.679500 + 0.083000),0.764100 (0.681300 + 0.082800),0.758700 (0.675900 + 0.082800),0.769700 (0.686700 + 0.083000),0.762300 (0.679500 + 0.082800),0.760600 (0.677700 + 0.082900),0.759700 (0.676800 + 0.082900),0.773200 (0.690300 + 0.082900),0.768900 (0.685800 + 0.083100),0.757100 (0.674100 + 0.083000),0.767900 (0.684900 + 0.083000),0.753300 (0.670500 + 0.082800),0.770600 (0.687600 + 0.083000),0.766000 (0.683100 + 0.082900),0.764200 (0.681300 + 0.082900),0.763400 (0.680400 + 0.083000),0.763200 (0.680400 + 0.082800),0.761400 (0.678600 + 0.082800),0.762300 (0.679500 + 0.082800),0.771400 (0.688500 + 0.082900),0.770700 (0.687600 + 0.083100),0.764100 (0.681300 + 0.082800),0.766100 (0.683100 + 0.083000),0.768800 (0.685800 + 0.083000),0.763400 (0.680400 + 0.083000),0.765000 (0.682200 + 0.082800),0.771500 (0.688500 + 0.083000),0.764200 (0.681300 + 0.082900),0.769500 (0.686700 + 0.082800),0.766100 (0.683100 + 0.083000),0.767900 (0.684900 + 0.083000),0.739000 (0.656100 + 0.082900),0.762300 (0.679500 + 0.082800),0.770500 (0.687600 + 0.082900),0.766100 (0.683100 + 0.083000),0.759800 (0.676800 + 0.083000),0.759800 (0.676800 + 0.083000),0.771600 (0.688500 + 0.083100),0.763100 (0.680400 + 0.082700),0.767900 (0.684900 + 0.083000),0.761400 (0.678600 + 0.082800),0.764100 (0.681300 + 0.082800),0.763500 (0.680400 + 0.083100),0.763200 (0.680400 + 0.082800),0.766100 (0.683100 + 0.083000),0.768800 (0.685800 + 0.083000),0.768000 (0.684900 + 0.083100),0.771400 (0.688500 + 0.082900),0.762300 (0.679500 + 0.082800),0.768800 (0.685800 + 0.083000),0.767800 (0.684900 + 0.082900),0.771500 (0.688500 + 0.083000),0.758700 (0.675900 + 0.082800),0.766800 (0.684000 + 0.082800),0.771500 (0.688500 + 0.083000),0.763300 (0.680400 + 0.082900),0.762300 (0.679500 + 0.082800),0.766100 (0.683100 + 0.083000)
91,0.760700 (0.677700 + 0.083000),0.679700 (0.596700 + 0.083000),0.769700 (0.686700 + 0.083000),0.762500 (0.679500 + 0.083000),0.759800 (0.676800 + 0.083000),0.761400 (0.678600 + 0.082800),0.766100 (0.683100 + 0.083000),0.759800 (0.676800 + 0.083000),0.767000 (0.684000 + 0.083000),0.773400 (0.690300 + 0.083100),0.760800 (0.677700 + 0.083100),0.759000 (0.675900 + 0.083100),0.720200 (0.637200 + 0.083000),0.763500 (0.680400 + 0.083100),0.714700 (0.631800 + 0.082900),0.762600 (0.679500 + 0.083100),0.764200 (0.681300 + 0.082900),0.766000 (0.683100 + 0.082900),0.758800 (0.675900 + 0.082900),0.762400 (0.679500 + 0.082900),0.762400 (0.679500 + 0.082900),0.768800 (0.685800 + 0.083000),0.764300 (0.681300 + 0.083000),0.763400 (0.680400 + 0.083000),0.761600 (0.678600 + 0.083000),0.753300 (0.670500 + 0.082800),0.765200 (0.682200 + 0.083000),0.760800 (0.677700 + 0.083100),0.759900 (0.676800 + 0.083100),0.759900 (0.676800 + 0.083100),0.759800 (0.676800 + 0.083000),0.758800 (0.675900 + 0.082900),0.762600 (0.679500 + 0.083100),0.756900 (0.674100 + 0.082800),0.754500 (0.671400 + 0.083100),0.757800 (0.675000 + 0.082800),0.763400 (0.680400 + 0.083000),0.759800 (0.676800 + 0.083000),0.759800 (0.676800 + 0.083000),0.761400 (0.678600 + 0.082800),0.764300 (0.681300 + 0.083000),0.766000 (0.683100 + 0.082900),0.762300 (0.679500 + 0.082800),0.765200 (0.682200 + 0.083000),0.760800 (0.677700 + 0.083100),0.763400 (0.680400 + 0.083000),0.763300 (0.680400 + 0.082900),0.762500 (0.679500 + 0.083000),0.766100 (0.683100 + 0.083000),0.760700 (0.677700 + 0.083000),0.767000 (0.684000 + 0.083000),0.762500 (0.679500 + 0.083000),0.764400 (0.681300 + 0.083100),0.762400 (0.679500 + 0.082900),0.712800 (0.630000 + 0.082800),0.763200 (0.680400 + 0.082800),0.759800 (0.676800 + 0.083000),0.761600 (0.678600 + 0.083000),0.753400 (0.670500 + 0.082900),0.719300 (0.636300 + 0.083000),0.759600 (0.676800 + 0.082800),0.758700 (0.675900 + 0.082800),0.759000 (0.675900 + 0.083100),0.764200 (0.681300 + 0.082900),0.759800 (0.676800 + 0.083000),0.760600 (0.677700 + 0.082900),0.762500 (0.679500 + 0.083000),0.764300 (0.681300 + 0.083000),0.759600 (0.676800 + 0.082800),0.759800 (0.676800 + 0.083000),0.763400 (0.680400 + 0.083000),0.703100 (0.620100 + 0.083000),0.756000 (0.673200 + 0.082800),0.755200 (0.672300 + 0.082900),0.759600 (0.676800 + 0.082800),0.759600 (0.676800 + 0.082800),0.722600 (0.639900 + 0.082700),0.761400 (0.678600 + 0.082800),0.759800 (0.676800 + 0.083000),0.757100 (0.674100 + 0.083000),0.764200 (0.681300 + 0.082900),0.765200 (0.682200 + 0.083000),0.761400 (0.678600 + 0.082800),0.764300 (0.681300 + 0.083000),0.758000 (0.675000 + 0.083000),0.760800 (0.677700 + 0.083100),0.759800 (0.676800 + 0.083000),0.761600 (0.678600 + 0.083000),0.758800 (0.675900 + 0.082900),0.773300 (0.690300 + 0.083000),0.763500 (0.680400 + 0.083100),0.768900 (0.685800 + 0.083100),0.756300 (0.673200 + 0.083100),0.762600 (0.679500 + 0.083100),0.759800 (0.676800 + 0.083000),0.765300 (0.682200 + 0.083100),0.764200 (0.681300 + 0.082900),0.758700 (0.675900 + 0.082800),0.766100 (0.683100 + 0.083000),0.762500 (0.679500 + 0.083000)
92,0.796800 (0.713700 + 0.083100),0.778700 (0.695700 + 0.083000),0.782200 (0.699300 + 0.082900),0.789300 (0.706500 + 0.082800),0.784100 (0.701100 + 0.083000),0.782300 (0.699300 + 0.083000),0.788400 (0.705600 + 0.082800),0.788600 (0.705600 + 0.083000),0.788600 (0.705600 + 0.083000),0.792200 (0.709200 + 0.083000),0.778600 (0.695700 + 0.082900),0.784100 (0.701100 + 0.083000),0.784100 (0.701100 + 0.083000),0.784000 (0.701100 + 0.082900),0.784100 (0.701100 + 0.083000),0.792100 (0.709200 + 0.082900),0.788500 (0.705600 + 0.082900),0.786800 (0.703800 + 0.083000),0.786000 (0.702900 + 0.083100),0.786600 (0.703800 + 0.082800),0.787600 (0.704700 + 0.082900),0.785700 (0.702900 + 0.082800),0.788600 (0.705600 + 0.083000),0.782200 (0.699300 + 0.082900),0.788600 (0.705600 + 0.083000),0.784000 (0.701100 + 0.082900),0.781400 (0.698400 + 0.083000),0.784000 (0.701100 + 0.082900),0.785000 (0.702000 + 0.083000),0.718300 (0.635400 + 0.082900),0.784100 (0.701100 + 0.083000),0.784000 (0.701100 + 0.082900),0.781500 (0.698400 + 0.083100),0.784800 (0.702000 + 0.082800),0.776000 (0.693000 + 0.083000),0.780400 (0.697500 + 0.082900),0.784100 (0.701100 + 0.083000),0.786700 (0.703800 + 0.082900),0.746400 (0.663300 + 0.083100),0.796800 (0.713700 + 0.083100),0.681300 (0.598500 + 0.082800),0.787700 (0.704700 + 0.083000),0.783200 (0.700200 + 0.083000),0.786900 (0.703800 + 0.083100),0.783200 (0.700200 + 0.083000),0.781400 (0.698400 + 0.083000),0.782300 (0.699300 + 0.083000),0.783900 (0.701100 + 0.082800),0.783900 (0.701100 + 0.082800),0.788700 (0.705600 + 0.083100),0.793000 (0.710100 + 0.082900),0.791400 (0.708300 + 0.083100),0.791400 (0.708300 + 0.083100),0.785900 (0.702900 + 0.083000),0.791400 (0.708300 + 0.083100),0.791300 (0.708300 + 0.083000),0.689400 (0.606600 + 0.082800),0.749600 (0.666900 + 0.082700),0.797700 (0.714600 + 0.083100),0.770500 (0.687600 + 0.082900),0.787800 (0.704700 + 0.083100),0.779600 (0.696600 + 0.083000),0.787700 (0.704700 + 0.083000),0.785000 (0.702000 + 0.083000),0.784200 (0.701100 + 0.083100),0.774200 (0.691200 + 0.083000),0.784100 (0.701100 + 0.083000),0.771400 (0.688500 + 0.082900),0.778600 (0.695700 + 0.082900),0.783200 (0.700200 + 0.083000),0.786600 (0.703800 + 0.082800),0.797700 (0.714600 + 0.083100),0.784100 (0.701100 + 0.083000),0.786600 (0.703800 + 0.082800),0.785700 (0.702900 + 0.082800),0.783200 (0.700200 + 0.083000),0.782400 (0.699300 + 0.083100),0.785100 (0.702000 + 0.083100),0.793100 (0.710100 + 0.083000),0.786000 (0.702900 + 0.083100),0.787800 (0.704700 + 0.083100),0.782200 (0.699300 + 0.082900),0.788600 (0.705600 + 0.083000),0.704600 (0.621900 + 0.082700),0.791200 (0.708300 + 0.082900),0.750800 (0.667800 + 0.083000),0.721800 (0.639000 + 0.082800),0.786800 (0.703800 + 0.083000),0.789500 (0.706500 + 0.083000),0.783200 (0.700200 + 0.083000),0.783200 (0.700200 + 0.083000),0.788600 (0.705600 + 0.083000),0.791300 (0.708300 + 0.083000),0.790500 (0.707400 + 0.083100),0.788600 (0.705600 + 0.083000),0.790300 (0.707400 + 0.082900),0.786600 (0.703800 + 0.082800),0.786800 (0.703800 + 0.083000),0.783900 (0.701100 + 0.082800),0.783200 (0.700200 + 0.083000)
93,0.777900 (0.694800 + 0.083100),0.771500 (0.688500 + 0.083000),0.767000 (0.684000 + 0.083000),0.768800 (0.685800 + 0.083000),0.758800 (0.675900 + 0.082900),0.763400 (0.680400 + 0.083000),0.752700 (0.669600 + 0.083100),0.766000 (0.683100 + 0.082900),0.759900 (0.676800 + 0.083100),0.750700 (0.667800 + 0.082900),0.763400 (0.680400 + 0.083000),0.766900 (0.684000 + 0.082900),0.771500 (0.688500 + 0.083000),0.766000 (0.683100 + 0.082900),0.732700 (0.649800 + 0.082900),0.767900 (0.684900 + 0.083000),0.771400 (0.688500 + 0.082900),0.771300 (0.688500 + 0.082800),0.764200 (0.681300 + 0.082900),0.764300 (0.681300 + 0.083000),0.766200 (0.683100 + 0.083100),0.762300 (0.679500 + 0.082800),0.767800 (0.684900 + 0.082900),0.768000 (0.684900 + 0.083100),0.760800 (0.677700 + 0.083100),0.778800 (0.695700 + 0.083100),0.770600 (0.687600 + 0.083000),0.764400 (0.681300 + 0.083100),0.768600 (0.685800 + 0.082800),0.771600 (0.688500 + 0.083100),0.761500 (0.678600 + 0.082900),0.767900 (0.684900 + 0.083000),0.771500 (0.688500 + 0.083000),0.732700 (0.649800 + 0.082900),0.768600 (0.685800 + 0.082800),0.766100 (0.683100 + 0.083000),0.759900 (0.676800 + 0.083100),0.770600 (0.687600 + 0.083000),0.769700 (0.686700 + 0.083000),0.770700 (0.687600 + 0.083100),0.769700 (0.686700 + 0.083000),0.770600 (0.687600 + 0.083000),0.765900 (0.683100 + 0.082800),0.764400 (0.681300 + 0.083100),0.772300 (0.689400 + 0.082900),0.767900 (0.684900 + 0.083000),0.768800 (0.685800 + 0.083000),0.773200 (0.690300 + 0.082900),0.757200 (0.674100 + 0.083100),0.768900 (0.685800 + 0.083100),0.766100 (0.683100 + 0.083000),0.768800 (0.685800 + 0.083000),0.764400 (0.681300 + 0.083100),0.760800 (0.677700 + 0.083100),0.765300 (0.682200 + 0.083100),0.768900 (0.685800 + 0.083100),0.773400 (0.690300 + 0.083100),0.769700 (0.686700 + 0.083000),0.770700 (0.687600 + 0.083100),0.770700 (0.687600 + 0.083100),0.776900 (0.693900 + 0.083000),0.767100 (0.684000 + 0.083100),0.763400 (0.680400 + 0.083000),0.768700 (0.685800 + 0.082900),0.769700 (0.686700 + 0.083000),0.762500 (0.679500 + 0.083000),0.759700 (0.676800 + 0.082900),0.767800 (0.684900 + 0.082900),0.766900 (0.684000 + 0.082900),0.765300 (0.682200 + 0.083100),0.769700 (0.686700 + 0.083000),0.769800 (0.686700 + 0.083100),0.775100 (0.692100 + 0.083000),0.770600 (0.687600 + 0.083000),0.769600 (0.686700 + 0.082900),0.763400 (0.680400 + 0.083000),0.765900 (0.683100 + 0.082800),0.758900 (0.675900 + 0.083000),0.759800 (0.676800 + 0.083000),0.769700 (0.686700 + 0.083000),0.767900 (0.684900 + 0.083000),0.731600 (0.648900 + 0.082700),0.777900 (0.694800 + 0.083100),0.767900 (0.684900 + 0.083000),0.765000 (0.682200 + 0.082800),0.761600 (0.678600 + 0.083000),0.720100 (0.637200 + 0.082900),0.765200 (0.682200 + 0.083000),0.770600 (0.687600 + 0.083000),0.770600 (0.687600 + 0.083000),0.770600 (0.687600 + 0.083000),0.768800 (0.685800 + 0.083000),0.773300 (0.690300 + 0.083000),0.770600 (0.687600 + 0.083000),0.767900 (0.684900 + 0.083000),0.767800 (0.684900 + 0.082900),0.722700 (0.639900 + 0.082800),0.768900 (0.685800 + 0.083100),0.769700 (0.686700 + 0.083000),0.764200 (0.681300 + 0.082900)
94,0.779000 (0.695700 + 0.083300),0.790500 (0.707400 + 0.083100),0.658700 (0.576000 + 0.082700),0.782100 (0.699300 + 0.082800),0.784200 (0.701100 + 0.083100),0.782300 (0.699300 + 0.083000),0.784200 (0.701100 + 0.083100),0.781500 (0.698400 + 0.083100),0.784100 (0.701100 + 0.083000),0.692900 (0.610200 + 0.082700),0.786000 (0.702900 + 0.083100),0.757000 (0.674100 + 0.082900),0.785900 (0.702900 + 0.083000),0.780400 (0.697500 + 0.082900),0.781500 (0.698400 + 0.083100),0.785000 (0.702000 + 0.083000),0.776900 (0.693900 + 0.083000),0.786800 (0.703800 + 0.083000),0.785000 (0.702000 + 0.083000),0.772400 (0.689400 + 0.083000),0.783100 (0.700200 + 0.082900),0.784100 (0.701100 + 0.083000),0.780500 (0.697500 + 0.083000),0.778800 (0.695700 + 0.083100),0.782300 (0.699300 + 0.083000),0.784200 (0.701100 + 0.083100),0.788600 (0.705600 + 0.083000),0.778500 (0.695700 + 0.082800),0.778600 (0.695700 + 0.082900),0.781500 (0.698400 + 0.083100),0.781500 (0.698400 + 0.083100),0.781400 (0.698400 + 0.083000),0.784100 (0.701100 + 0.083000),0.780500 (0.697500 + 0.083000),0.782200 (0.699300 + 0.082900),0.779400 (0.696600 + 0.082800),0.786900 (0.703800 + 0.083100),0.777700 (0.694800 + 0.082900),0.784200 (0.701100 + 0.083100),0.782300 (0.699300 + 0.083000),0.774200 (0.691200 + 0.083000),0.784100 (0.701100 + 0.083000),0.772400 (0.689400 + 0.083000),0.782300 (0.699300 + 0.083000),0.785900 (0.702900 + 0.083000),0.775100 (0.692100 + 0.083000),0.782200 (0.699300 + 0.082900),0.782400 (0.699300 + 0.083100),0.777800 (0.694800 + 0.083000),0.782300 (0.699300 + 0.083000),0.726400 (0.643500 + 0.082900),0.780400 (0.697500 + 0.082900),0.776000 (0.693000 + 0.083000),0.758000 (0.675000 + 0.083000),0.786800 (0.703800 + 0.083000),0.775900 (0.693000 + 0.082900),0.782300 (0.699300 + 0.083000),0.784200 (0.701100 + 0.083100),0.784200 (0.701100 + 0.083100),0.784200 (0.701100 + 0.083100),0.783200 (0.700200 + 0.083000),0.784200 (0.701100 + 0.083100),0.786900 (0.703800 + 0.083100),0.783200 (0.700200 + 0.083000),0.763300 (0.680400 + 0.082900),0.780600 (0.697500 + 0.083100),0.781500 (0.698400 + 0.083100),0.776900 (0.693900 + 0.083000),0.780600 (0.697500 + 0.083100),0.770600 (0.687600 + 0.083000),0.784100 (0.701100 + 0.083000),0.781400 (0.698400 + 0.083000),0.735500 (0.652500 + 0.083000),0.775800 (0.693000 + 0.082800),0.757000 (0.674100 + 0.082900),0.781200 (0.698400 + 0.082800),0.781200 (0.698400 + 0.082800),0.778700 (0.695700 + 0.083000),0.786900 (0.703800 + 0.083100),0.782400 (0.699300 + 0.083100),0.722900 (0.639900 + 0.083000),0.783200 (0.700200 + 0.083000),0.777900 (0.694800 + 0.083100),0.782300 (0.699300 + 0.083000),0.782300 (0.699300 + 0.083000),0.782300 (0.699300 + 0.083000),0.780600 (0.697500 + 0.083100),0.784100 (0.701100 + 0.083000),0.776000 (0.693000 + 0.083000),0.780600 (0.697500 + 0.083100),0.782400 (0.699300 + 0.083100),0.780500 (0.697500 + 0.083000),0.780600 (0.697500 + 0.083100),0.776900 (0.693900 + 0.083000),0.782300 (0.699300 + 0.083000),0.749900 (0.666900 + 0.083000),0.783200 (0.700200 + 0.083000),0.781200 (0.698400 + 0.082800),0.782400 (0.699300 + 0.083100),0.784100 (0.701100 + 0.083000)
95,0.781500 (0.698400 + 0.083100),0.775000 (0.692100 + 0.082900),0.763300 (0.680400 + 0.082900),0.774200 (0.691200 + 0.083000),0.770600 (0.687600 + 0.083000),0.773300 (0.690300 + 0.083000),0.786600 (0.703800 + 0.082800),0.774200 (0.691200 + 0.083000),0.776000 (0.693000 + 0.083000),0.772500 (0.689400 + 0.083100),0.776900 (0.693900 + 0.083000),0.769800 (0.686700 + 0.083100),0.705900 (0.622800 + 0.083100),0.769800 (0.686700 + 0.083100),0.775100 (0.692100 + 0.083000),0.770600 (0.687600 + 0.083000),0.778800 (0.695700 + 0.083100),0.695800 (0.612900 + 0.082900),0.785000 (0.702000 + 0.083000),0.780600 (0.697500 + 0.083100),0.771500 (0.688500 + 0.083000),0.769700 (0.686700 + 0.083000),0.770700 (0.687600 + 0.083100),0.768700 (0.685800 + 0.082900),0.768800 (0.685800 + 0.083000),0.770600 (0.687600 + 0.083000),0.769600 (0.686700 + 0.082900),0.777800 (0.694800 + 0.083000),0.781300 (0.698400 + 0.082900),0.775100 (0.692100 + 0.083000),0.767900 (0.684900 + 0.083000),0.786600 (0.703800 + 0.082800),0.786600 (0.703800 + 0.082800),0.781500 (0.698400 + 0.083100),0.776100 (0.693000 + 0.083100),0.783900 (0.701100 + 0.082800),0.781500 (0.698400 + 0.083100),0.725500 (0.642600 + 0.082900),0.781500 (0.698400 + 0.083100),0.773400 (0.690300 + 0.083100),0.770500 (0.687600 + 0.082900),0.784200 (0.701100 + 0.083100),0.776000 (0.693000 + 0.083000),0.766100 (0.683100 + 0.083000),0.716400 (0.633600 + 0.082800),0.772400 (0.689400 + 0.083000),0.780600 (0.697500 + 0.083100),0.782400 (0.699300 + 0.083100),0.785100 (0.702000 + 0.083100),0.777900 (0.694800 + 0.083100),0.773300 (0.690300 + 0.083000),0.772400 (0.689400 + 0.083000),0.770600 (0.687600 + 0.083000),0.768800 (0.685800 + 0.083000),0.770600 (0.687600 + 0.083000),0.772500 (0.689400 + 0.083100),0.779600 (0.696600 + 0.083000),0.780500 (0.697500 + 0.083000),0.769700 (0.686700 + 0.083000),0.775200 (0.692100 + 0.083100),0.769600 (0.686700 + 0.082900),0.782100 (0.699300 + 0.082800),0.774200 (0.691200 + 0.083000),0.783300 (0.700200 + 0.083100),0.784200 (0.701100 + 0.083100),0.767900 (0.684900 + 0.083000),0.776100 (0.693000 + 0.083100),0.769700 (0.686700 + 0.083000),0.716200 (0.633600 + 0.082600),0.774300 (0.691200 + 0.083100),0.775200 (0.692100 + 0.083100),0.775200 (0.692100 + 0.083100),0.771500 (0.688500 + 0.083000),0.774200 (0.691200 + 0.083000),0.775200 (0.692100 + 0.083100),0.780600 (0.697500 + 0.083100),0.775100 (0.692100 + 0.083000),0.766100 (0.683100 + 0.083000),0.777000 (0.693900 + 0.083100),0.771500 (0.688500 + 0.083000),0.785700 (0.702900 + 0.082800),0.776100 (0.693000 + 0.083100),0.772400 (0.689400 + 0.083000),0.742700 (0.659700 + 0.083000),0.768800 (0.685800 + 0.083000),0.774200 (0.691200 + 0.083000),0.721900 (0.639000 + 0.082900),0.780600 (0.697500 + 0.083100),0.768800 (0.685800 + 0.083000),0.773300 (0.690300 + 0.083000),0.773300 (0.690300 + 0.083000),0.772400 (0.689400 + 0.083000),0.777000 (0.693900 + 0.083100),0.780600 (0.697500 + 0.083100),0.769700 (0.686700 + 0.083000),0.746400 (0.663300 + 0.083100),0.770600 (0.687600 + 0.083000),0.764300 (0.681300 + 0.083000),0.767900 (0.684900 + 0.083000),0.770600 (0.687600 + 0.083000)
96,0.787500 (0.704700 + 0.082800),0.783300 (0.700200 + 0.083100),0.784800 (0.702000 + 0.082800),0.782300 (0.699300 + 0.083000),0.776000 (0.693000 + 0.083000),0.785100 (0.702000 + 0.083100),0.780600 (0.697500 + 0.083100),0.777000 (0.693900 + 0.083100),0.780600 (0.697500 + 0.083100),0.785000 (0.702000 + 0.083000),0.782300 (0.699300 + 0.083000),0.787800 (0.704700 + 0.083100),0.781500 (0.698400 + 0.083100),0.754900 (0.672300 + 0.082600),0.781400 (0.698400 + 0.083000),0.788700 (0.705600 + 0.083100),0.782100 (0.699300 + 0.082800),0.777000 (0.693900 + 0.083100),0.775800 (0.693000 + 0.082800),0.788700 (0.705600 + 0.083100),0.779600 (0.696600 + 0.083000),0.774200 (0.691200 + 0.083000),0.776000 (0.693000 + 0.083000),0.781500 (0.698400 + 0.083100),0.779600 (0.696600 + 0.083000),0.777000 (0.693900 + 0.083100),0.785000 (0.702000 + 0.083000),0.771500 (0.688500 + 0.083000),0.780600 (0.697500 + 0.083100),0.789600 (0.706500 + 0.083100),0.774200 (0.691200 + 0.083000),0.694200 (0.611100 + 0.083100),0.699400 (0.616500 + 0.082900),0.784200 (0.701100 + 0.083100),0.787500 (0.704700 + 0.082800),0.791300 (0.708300 + 0.083000),0.784100 (0.701100 + 0.083000),0.779700 (0.696600 + 0.083100),0.776900 (0.693900 + 0.083000),0.777000 (0.693900 + 0.083100),0.775200 (0.692100 + 0.083100),0.788800 (0.705600 + 0.083200),0.781200 (0.698400 + 0.082800),0.789600 (0.706500 + 0.083100),0.777800 (0.694800 + 0.083000),0.774200 (0.691200 + 0.083000),0.780500 (0.697500 + 0.083000),0.780500 (0.697500 + 0.083000),0.779700 (0.696600 + 0.083100),0.771400 (0.688500 + 0.082900),0.777000 (0.693900 + 0.083100),0.776000 (0.693000 + 0.083000),0.719300 (0.636300 + 0.083000),0.779700 (0.696600 + 0.083100),0.777900 (0.694800 + 0.083100),0.784200 (0.701100 + 0.083100),0.775200 (0.692100 + 0.083100),0.781600 (0.698400 + 0.083200),0.747100 (0.664200 + 0.082900),0.784100 (0.701100 + 0.083000),0.779700 (0.696600 + 0.083100),0.774200 (0.691200 + 0.083000),0.774900 (0.692100 + 0.082800),0.777000 (0.693900 + 0.083100),0.775000 (0.692100 + 0.082900),0.782200 (0.699300 + 0.082900),0.777900 (0.694800 + 0.083100),0.785100 (0.702000 + 0.083100),0.779600 (0.696600 + 0.083000),0.709400 (0.626400 + 0.083000),0.775200 (0.692100 + 0.083100),0.780600 (0.697500 + 0.083100),0.774200 (0.691200 + 0.083000),0.781500 (0.698400 + 0.083100),0.775100 (0.692100 + 0.083000),0.774100 (0.691200 + 0.082900),0.781400 (0.698400 + 0.083000),0.787500 (0.704700 + 0.082800),0.781500 (0.698400 + 0.083100),0.784100 (0.701100 + 0.083000),0.780500 (0.697500 + 0.083000),0.756200 (0.673200 + 0.083000),0.776000 (0.693000 + 0.083000),0.777600 (0.694800 + 0.082800),0.783000 (0.700200 + 0.082800),0.787500 (0.704700 + 0.082800),0.787500 (0.704700 + 0.082800),0.712800 (0.630000 + 0.082800),0.782400 (0.699300 + 0.083100),0.775100 (0.692100 + 0.083000),0.781400 (0.698400 + 0.083000),0.785000 (0.702000 + 0.083000),0.719200 (0.636300 + 0.082900),0.776000 (0.693000 + 0.083000),0.770500 (0.687600 + 0.082900),0.779600 (0.696600 + 0.083000),0.777800 (0.694800 + 0.083000),0.779700 (0.696600 + 0.083100),0.787500 (0.704700 + 0.082800),0.781500 (0.698400 + 0.083100)
97,0.788600 (0.705600 + 0.083000),0.783200 (0.700200 + 0.083000),0.775100 (0.692100 + 0.083000),0.744600 (0.661500 + 0.083100),0.777900 (0.694800 + 0.083100),0.781500 (0.698400 + 0.083100),0.779700 (0.696600 + 0.083100),0.772500 (0.689400 + 0.083100),0.777900 (0.694800 + 0.083100),0.775200 (0.692100 + 0.083100),0.776700 (0.693900 + 0.082800),0.779700 (0.696600 + 0.083100),0.779700 (0.696600 + 0.083100),0.781500 (0.698400 + 0.083100),0.781500 (0.698400 + 0.083100),0.755300 (0.672300 + 0.083000),0.774300 (0.691200 + 0.083100),0.781500 (0.698400 + 0.083100),0.747000 (0.664200 + 0.082800),0.777900 (0.694800 + 0.083100),0.775200 (0.692100 + 0.083100),0.786000 (0.702900 + 0.083100),0.776100 (0.693000 + 0.083100),0.693200 (0.610200 + 0.083000),0.780600 (0.697500 + 0.083100),0.776900 (0.693900 + 0.083000),0.777000 (0.693900 + 0.083100),0.769500 (0.686700 + 0.082800),0.786000 (0.702900 + 0.083100),0.780300 (0.697500 + 0.082800),0.776000 (0.693000 + 0.083000),0.773400 (0.690300 + 0.083100),0.770400 (0.687600 + 0.082800),0.775800 (0.693000 + 0.082800),0.775800 (0.693000 + 0.082800),0.779700 (0.696600 + 0.083100),0.780500 (0.697500 + 0.083000),0.776100 (0.693000 + 0.083100),0.782300 (0.699300 + 0.083000),0.776100 (0.693000 + 0.083100),0.774200 (0.691200 + 0.083000),0.723700 (0.640800 + 0.082900),0.780600 (0.697500 + 0.083100),0.756700 (0.674100 + 0.082600),0.780600 (0.697500 + 0.083100),0.769700 (0.686700 + 0.083000),0.776100 (0.693000 + 0.083100),0.776700 (0.693900 + 0.082800),0.779600 (0.696600 + 0.083000),0.775800 (0.693000 + 0.082800),0.777900 (0.694800 + 0.083100),0.783200 (0.700200 + 0.083000),0.776000 (0.693000 + 0.083000),0.779700 (0.696600 + 0.083100),0.783200 (0.700200 + 0.083000),0.781500 (0.698400 + 0.083100),0.777600 (0.694800 + 0.082800),0.776100 (0.693000 + 0.083100),0.777800 (0.694800 + 0.083000),0.774000 (0.691200 + 0.082800),0.781400 (0.698400 + 0.083000),0.780700 (0.697500 + 0.083200),0.781500 (0.698400 + 0.083100),0.776900 (0.693900 + 0.083000),0.776100 (0.693000 + 0.083100),0.779700 (0.696600 + 0.083100),0.778700 (0.695700 + 0.083000),0.777000 (0.693900 + 0.083100),0.771300 (0.688500 + 0.082800),0.780700 (0.697500 + 0.083200),0.780500 (0.697500 + 0.083000),0.778800 (0.695700 + 0.083100),0.777000 (0.693900 + 0.083100),0.782400 (0.699300 + 0.083100),0.778800 (0.695700 + 0.083100),0.774300 (0.691200 + 0.083100),0.780600 (0.697500 + 0.083100),0.770600 (0.687600 + 0.083000),0.783300 (0.700200 + 0.083100),0.780400 (0.697500 + 0.082900),0.717300 (0.634500 + 0.082800),0.774100 (0.691200 + 0.082900),0.770700 (0.687600 + 0.083100),0.777600 (0.694800 + 0.082800),0.776100 (0.693000 + 0.083100),0.771500 (0.688500 + 0.083000),0.777800 (0.694800 + 0.083000),0.773400 (0.690300 + 0.083100),0.773400 (0.690300 + 0.083100),0.776700 (0.693900 + 0.082800),0.761500 (0.678600 + 0.082900),0.775200 (0.692100 + 0.083100),0.778700 (0.695700 + 0.083000),0.780600 (0.697500 + 0.083100),0.781500 (0.698400 + 0.083100),0.777600 (0.694800 + 0.082800),0.779700 (0.696600 + 0.083100),0.777700 (0.694800 + 0.082900),0.777600 (0.694800 + 0.082800),0.770700 (0.687600 + 0.083100)
98,0.764300 (0.681300 + 0.083000),0.771600 (0.688500 + 0.083100),0.768900 (0.685800 + 0.083100),0.765900 (0.683100 + 0.082800),0.768000 (0.684900 + 0.083100),0.768000 (0.684900 + 0.083100),0.771600 (0.688500 + 0.083100),0.772500 (0.689400 + 0.083100),0.765200 (0.682200 + 0.083000),0.764400 (0.681300 + 0.083100),0.757800 (0.675000 + 0.082800),0.759900 (0.676800 + 0.083100),0.739000 (0.656100 + 0.082900),0.766200 (0.683100 + 0.083100),0.766100 (0.683100 + 0.083000),0.768900 (0.685800 + 0.083100),0.769700 (0.686700 + 0.083000),0.775400 (0.692100 + 0.083300),0.768000 (0.684900 + 0.083100),0.760800 (0.677700 + 0.083100),0.763500 (0.680400 + 0.083100),0.768800 (0.685800 + 0.083000),0.760600 (0.677700 + 0.082900),0.770700 (0.687600 + 0.083100),0.767900 (0.684900 + 0.083000),0.771600 (0.688500 + 0.083100),0.758100 (0.675000 + 0.083100),0.754600 (0.671400 + 0.083200),0.754400 (0.671400 + 0.083000),0.759800 (0.676800 + 0.083000),0.771600 (0.688500 + 0.083100),0.768900 (0.685800 + 0.083100),0.770700 (0.687600 + 0.083100),0.760700 (0.677700 + 0.083000),0.755100 (0.672300 + 0.082800),0.758000 (0.675000 + 0.083000),0.774300 (0.691200 + 0.083100),0.760700 (0.677700 + 0.083000),0.769800 (0.686700 + 0.083100),0.770700 (0.687600 + 0.083100),0.764400 (0.681300 + 0.083100),0.764200 (0.681300 + 0.082900),0.769800 (0.686700 + 0.083100),0.770700 (0.687600 + 0.083100),0.760500 (0.677700 + 0.082800),0.740900 (0.657900 + 0.083000),0.766200 (0.683100 + 0.083100),0.764300 (0.681300 + 0.083000),0.761700 (0.678600 + 0.083100),0.766100 (0.683100 + 0.083000),0.765200 (0.682200 + 0.083000),0.763400 (0.680400 + 0.083000),0.764400 (0.681300 + 0.083100),0.756300 (0.673200 + 0.083100),0.764400 (0.681300 + 0.083100),0.767900 (0.684900 + 0.083000),0.768000 (0.684900 + 0.083100),0.703100 (0.620100 + 0.083000),0.769800 (0.686700 + 0.083100),0.768900 (0.685800 + 0.083100),0.775200 (0.692100 + 0.083100),0.752700 (0.669600 + 0.083100),0.777900 (0.694800 + 0.083100),0.753400 (0.670500 + 0.082900),0.732400 (0.649800 + 0.082600),0.773400 (0.690300 + 0.083100),0.762500 (0.679500 + 0.083000),0.761600 (0.678600 + 0.083000),0.774300 (0.691200 + 0.083100),0.766100 (0.683100 + 0.083000),0.712800 (0.630000 + 0.082800),0.768000 (0.684900 + 0.083100),0.773400 (0.690300 + 0.083100),0.766000 (0.683100 + 0.082900),0.763400 (0.680400 + 0.083000),0.706700 (0.623700 + 0.083000),0.765400 (0.682200 + 0.083200),0.767700 (0.684900 + 0.082800),0.764300 (0.681300 + 0.083000),0.718300 (0.635400 + 0.082900),0.771600 (0.688500 + 0.083100),0.759600 (0.676800 + 0.082800),0.768000 (0.684900 + 0.083100),0.768000 (0.684900 + 0.083100),0.771600 (0.688500 + 0.083100),0.765300 (0.682200 + 0.083100),0.761600 (0.678600 + 0.083000),0.779700 (0.696600 + 0.083100),0.765300 (0.682200 + 0.083100),0.774300 (0.691200 + 0.083100),0.773400 (0.690300 + 0.083100),0.771600 (0.688500 + 0.083100),0.777000 (0.693900 + 0.083100),0.762500 (0.679500 + 0.083000),0.761700 (0.678600 + 0.083100),0.772200 (0.689400 + 0.082800),0.768800 (0.685800 + 0.083000),0.761600 (0.678600 + 0.083000),0.766200 (0.683100 + 0.083100),0.770700 (0.687600 + 0.083100)
99,0.780600 (0.697500 + 0.083100),0.770600 (0.687600 + 0.083000),0.773300 (0.690300 + 0.083000),0.777000 (0.693900 + 0.083100),0.753500 (0.670500 + 0.083000),0.731000 (0.648000 + 0.083000),0.771700 (0.688500 + 0.083200),0.774300 (0.691200 + 0.083100),0.773300 (0.690300 + 0.083000),0.768000 (0.684900 + 0.083100),0.764300 (0.681300 + 0.083000),0.762500 (0.679500 + 0.083000),0.766200 (0.683100 + 0.083100),0.763400 (0.680400 + 0.083000),0.777900 (0.694800 + 0.083100),0.768000 (0.684900 + 0.083100),0.762500 (0.679500 + 0.083000),0.749600 (0.666900 + 0.082700),0.761700 (0.678600 + 0.083100),0.770700 (0.687600 + 0.083100),0.771600 (0.688500 + 0.083100),0.759800 (0.676800 + 0.083000),0.770700 (0.687600 + 0.083100),0.771600 (0.688500 + 0.083100),0.739200 (0.656100 + 0.083100),0.668200 (0.585000 + 0.083200),0.775200 (0.692100 + 0.083100),0.728300 (0.645300 + 0.083000),0.765300 (0.682200 + 0.083100),0.767100 (0.684000 + 0.083100),0.758000 (0.675000 + 0.083000),0.770700 (0.687600 + 0.083100),0.773400 (0.690300 + 0.083100),0.772500 (0.689400 + 0.083100),0.767000 (0.684000 + 0.083000),0.779700 (0.696600 + 0.083100),0.772500 (0.689400 + 0.083100),0.766100 (0.683100 + 0.083000),0.768900 (0.685800 + 0.083100),0.739100 (0.656100 + 0.083000),0.767200 (0.684000 + 0.083200),0.771600 (0.688500 + 0.083100),0.772600 (0.689400 + 0.083200),0.776100 (0.693000 + 0.083100),0.774300 (0.691200 + 0.083100),0.777000 (0.693900 + 0.083100),0.767100 (0.684000 + 0.083100),0.767100 (0.684000 + 0.083100),0.777000 (0.693900 + 0.083100),0.766200 (0.683100 + 0.083100),0.774300 (0.691200 + 0.083100),0.769800 (0.686700 + 0.083100),0.769700 (0.686700 + 0.083000),0.769800 (0.686700 + 0.083100),0.773300 (0.690300 + 0.083000),0.780600 (0.697500 + 0.083100),0.768000 (0.684900 + 0.083100),0.756200 (0.673200 + 0.083000),0.775200 (0.692100 + 0.083100),0.774300 (0.691200 + 0.083100),0.775200 (0.692100 + 0.083100),0.767100 (0.684000 + 0.083100),0.775000 (0.692100 + 0.082900),0.764300 (0.681300 + 0.083000),0.772500 (0.689400 + 0.083100),0.778700 (0.695700 + 0.083000),0.767100 (0.684000 + 0.083100),0.768900 (0.685800 + 0.083100),0.768800 (0.685800 + 0.083000),0.770700 (0.687600 + 0.083100),0.771600 (0.688500 + 0.083100),0.765200 (0.682200 + 0.083000),0.759900 (0.676800 + 0.083100),0.775200 (0.692100 + 0.083100),0.766100 (0.683100 + 0.083000),0.765300 (0.682200 + 0.083100),0.768900 (0.685800 + 0.083100),0.768800 (0.685800 + 0.083000),0.761600 (0.678600 + 0.083000),0.775200 (0.692100 + 0.083100),0.739100 (0.656100 + 0.083000),0.768800 (0.685800 + 0.083000),0.769000 (0.685800 + 0.083200),0.777800 (0.694800 + 0.083000),0.774300 (0.691200 + 0.083100),0.770600 (0.687600 + 0.083000),0.767900 (0.684900 + 0.083000),0.722800 (0.639900 + 0.082900),0.749800 (0.666900 + 0.082900),0.779600 (0.696600 + 0.083000),0.777000 (0.693900 + 0.083100),0.764300 (0.681300 + 0.083000),0.774400 (0.691200 + 0.083200),0.750000 (0.666900 + 0.083100),0.766200 (0.683100 + 0.083100),0.724700 (0.641700 + 0.083000),0.764400 (0.681300 + 0.083100),0.771600 (0.688500 + 0.083100),0.765300 (0.682200 + 0.083100),0.762500 (0.679500 + 0.083000)
100,0.781500 (0.698400 + 0.083100),0.780600 (0.697500 + 0.083100),0.782400 (0.699300 + 0.083100),0.776100 (0.693000 + 0.083100),0.783300 (0.700200 + 0.083100),0.778800 (0.695700 + 0.083100),0.780500 (0.697500 + 0.083000),0.775200 (0.692100 + 0.083100),0.781500 (0.698400 + 0.083100),0.779700 (0.696600 + 0.083100),0.777900 (0.694800 + 0.083100),0.774200 (0.691200 + 0.083000),0.784300 (0.701100 + 0.083200),0.779700 (0.696600 + 0.083100),0.778700 (0.695700 + 0.083000),0.777900 (0.694800 + 0.083100),0.777900 (0.694800 + 0.083100),0.775000 (0.692100 + 0.082900),0.776900 (0.693900 + 0.083000),0.776100 (0.693000 + 0.083100),0.746500 (0.663300 + 0.083200),0.786100 (0.702900 + 0.083200),0.776000 (0.693000 + 0.083000),0.774300 (0.691200 + 0.083100),0.776100 (0.693000 + 0.083100),0.782400 (0.699300 + 0.083100),0.779700 (0.696600 + 0.083100),0.784200 (0.701100 + 0.083100),0.778800 (0.695700 + 0.083100),0.777800 (0.694800 + 0.083000),0.780600 (0.697500 + 0.083100),0.780500 (0.697500 + 0.083000),0.778700 (0.695700 + 0.083000),0.745300 (0.662400 + 0.082900),0.783300 (0.700200 + 0.083100),0.759700 (0.676800 + 0.082900),0.783300 (0.700200 + 0.083100),0.753300 (0.670500 + 0.082800),0.776100 (0.693000 + 0.083100),0.772300 (0.689400 + 0.082900),0.786000 (0.702900 + 0.083100),0.775100 (0.692100 + 0.083000),0.782400 (0.699300 + 0.083100),0.778700 (0.695700 + 0.083000),0.770600 (0.687600 + 0.083000),0.786000 (0.702900 + 0.083100),0.781600 (0.698400 + 0.083200),0.786800 (0.703800 + 0.083000),0.779700 (0.696600 + 0.083100),0.777000 (0.693900 + 0.083100),0.784200 (0.701100 + 0.083100),0.778800 (0.695700 + 0.083100),0.784100 (0.701100 + 0.083000),0.780600 (0.697500 + 0.083100),0.782400 (0.699300 + 0.083100),0.763400 (0.680400 + 0.083000),0.784200 (0.701100 + 0.083100),0.772300 (0.689400 + 0.082900),0.786900 (0.703800 + 0.083100),0.775200 (0.692100 + 0.083100),0.785900 (0.702900 + 0.083000),0.782400 (0.699300 + 0.083100),0.747400 (0.664200 + 0.083200),0.786900 (0.703800 + 0.083100),0.783300 (0.700200 + 0.083100),0.760000 (0.676800 + 0.083200),0.779700 (0.696600 + 0.083100),0.786000 (0.702900 + 0.083100),0.768000 (0.684900 + 0.083100),0.775200 (0.692100 + 0.083100),0.777000 (0.693900 + 0.083100),0.777900 (0.694800 + 0.083100),0.776100 (0.693000 + 0.083100),0.785100 (0.702000 + 0.083100),0.782400 (0.699300 + 0.083100),0.777900 (0.694800 + 0.083100),0.769800 (0.686700 + 0.083100),0.781500 (0.698400 + 0.083100),0.777900 (0.694800 + 0.083100),0.765200 (0.682200 + 0.083000),0.786100 (0.702900 + 0.083200),0.760700 (0.677700 + 0.083000),0.774300 (0.691200 + 0.083100),0.756000 (0.673200 + 0.082800),0.777900 (0.694800 + 0.083100),0.779600 (0.696600 + 0.083000),0.777800 (0.694800 + 0.083000),0.775900 (0.693000 + 0.082900),0.777800 (0.694800 + 0.083000),0.778700 (0.695700 + 0.083000),0.773400 (0.690300 + 0.083100),0.726500 (0.643500 + 0.083000),0.762600 (0.679500 + 0.083100),0.761600 (0.678600 + 0.083000),0.783300 (0.700200 + 0.083100),0.771600 (0.688500 + 0.083100),0.769700 (0.686700 + 0.083000),0.745500 (0.662400 + 0.083100),0.744200 (0.661500 + 0.082700),0.774300 (0.691200 + 0.083100)
